zmatrix
C  
Hg      1        2.09124
C       2        2.09124     1      179.36645
H       1        1.11039     2      109.24391     3      298.93512
H       1        1.11039     2      109.35975     3      179.38246
C       1        1.51685     2      109.00359     3       59.11100
C       3        1.51685     2      109.00414     1       59.36846
H       3        1.11039     2      109.24347     1      299.19257
H       3        1.11039     2      109.35969     1      179.64026
H       6        1.10986     1      109.52675     2      300.30194
H       6        1.11033     1      109.97512     2      180.10443
H       6        1.10984     1      109.53366     2       59.90009
H       7        1.10986     3      109.52681     2      300.30223
H       7        1.11033     3      109.97503     2      180.10480
H       7        1.10984     3      109.53374     2       59.90051
end
end