Am    S
14084.988000  0.000051 -0.000032  0.000013 -0.000037 -0.000051 -0.000085
 2046.059900  0.000352 -0.000246  0.000104 -0.000258 -0.000246 -0.000686
  429.708290  0.001329 -0.000701  0.000279 -0.000962 -0.001850 -0.001738
  118.285240 -0.005672  0.000074  0.000225  0.002857  0.014762 -0.004438
   68.960343  0.048888 -0.013265  0.004333 -0.024379 -0.073028 -0.007839
   40.386866 -0.258379  0.107907 -0.041481  0.133446  0.247790  0.183671
   23.535464  0.799159 -0.402853  0.161434 -0.451965 -0.645556 -0.864518
   11.805489 -1.356399  0.791853 -0.324439  0.899240  1.193715  2.077646
    3.275070  1.087085 -1.031727  0.443921 -1.658256 -3.013147 -7.676452
    1.748687  0.419927 -0.384179  0.194082  0.174289  2.629283 11.096516
    0.713315  0.019245  0.884893 -0.535580  2.703211  0.853799 -8.527193
    0.318659 -0.001051  0.502187 -0.414695 -2.090661 -2.281056  4.501684
    0.062680  0.000039  0.093729  0.762141 -0.636556  2.625375 -1.708635
    0.025300 -0.000253  0.042533  0.432104  1.034965 -1.889494  0.907688
Am    P
 3013.986700  0.000171 -0.000131  0.000119 -0.000176 -0.000352 -0.000482
  707.549460  0.001442 -0.001070  0.001023 -0.001665 -0.003466 -0.002388
  225.138440  0.006705 -0.005185  0.004702 -0.006902 -0.013824 -0.019899
   81.256811  0.019212 -0.014235  0.013830 -0.023139 -0.048803 -0.025454
   25.739095  0.037645 -0.036802  0.030051 -0.033405 -0.064621 -0.295860
   15.043486  0.056258  0.006973  0.004546 -0.041443 -0.055166  0.713846
    8.782557 -0.337939  0.142098 -0.150475  0.280796  0.459539 -0.801790
    3.811300  0.597178 -0.477450  0.538033 -1.077473 -2.631409 -0.897337
    1.894159  0.575113 -0.270928  0.130363  0.424750  3.405385  2.357560
    0.724996  0.068337  0.558306 -1.040533  1.453339 -2.044089 -2.955223
    0.306865 -0.005651  0.578713  0.258152 -1.927158  0.442988  2.816570
    0.105629  0.002239  0.085466  0.785057  0.698535  0.714241 -2.023245
    0.031570 -0.000567 -0.003296  0.150576  0.455290 -0.808509  1.132712
Am    D
  484.338770  0.000103 -0.000067  0.000186 -0.000034 -0.000024
  149.136460  0.000762 -0.000087 -0.000300  0.001760 -0.003170
   62.243132  0.002951 -0.001872  0.005036 -0.000338 -0.002047
   23.588652  0.016120 -0.003106 -0.000574  0.027768 -0.050005
   10.054488 -0.072397  0.016514 -0.009008 -0.115381  0.243988
    4.266754  0.416178 -0.153150  0.216770  0.774275 -2.296674
    2.114387  0.534316 -0.234670  0.595712 -0.180787  3.258557
    0.935847  0.184743  0.236253 -1.053263 -0.967479 -2.013281
    0.279494  0.007223  0.648984 -0.086623  1.252651  0.841570
Am    F
  127.683650  0.000350 -0.000445  0.001014 -0.000404
   43.686551  0.003511 -0.003967  0.003266 -0.010960
   17.653749  0.018352 -0.022397  0.040263 -0.030778
    6.600926  0.104824 -0.131036  0.158017 -0.363707
    3.197176  0.330143 -0.383739  0.652021 -0.609207
    1.459405  0.421775 -0.229044 -0.526360  1.695544
    0.607656  0.316332  0.483951 -0.618884 -1.559341
Am    G
  127.683650 -0.000026  0.001690 -0.002826
   43.686551  0.005016 -0.000587  0.041617
   17.653749  0.030211  0.116221  0.051114
    6.600926  0.166814  0.164085  1.453119
    3.197176  0.156968  1.070253 -1.700595