# Douglas-Kroll cc-pVTZ basis set for Am
Am s
 5.629216E+07 -1.0011100E-03  2.4193600E-03 -9.6472600E-04 -1.4554900E-04  1.4079000E-04 -6.2592400E-05  2.6624600E-05  5.2691900E-05 -6.8393100E-05 -8.9216800E-05  0.0000000E+00
 1.498312E+07 -8.5465600E-04  2.0667800E-03 -8.2345500E-04 -1.2421900E-04  1.2016300E-04 -5.3422400E-05  2.2724200E-05  4.4977800E-05 -5.8377700E-05 -7.6170000E-05  0.0000000E+00
 5.121709E+06 -2.4756000E-03  5.9773600E-03 -2.3865700E-03 -3.6022700E-04  3.4839000E-04 -1.5488700E-04  6.5883200E-05  1.3037800E-04 -1.6923400E-04 -2.2072900E-04  0.0000000E+00
 1.944998E+06 -3.0069200E-03  7.2467000E-03 -2.9009700E-03 -4.3822500E-04  4.2370100E-04 -1.8837000E-04  8.0127100E-05  1.5861800E-04 -2.0586400E-04 -2.6868700E-04  0.0000000E+00
 8.103475E+05 -5.9330200E-03  1.4244900E-02 -5.7320000E-03 -8.6716600E-04  8.3796600E-04 -3.7253900E-04  1.5846200E-04  3.1351300E-04 -4.0699000E-04 -5.3059000E-04  0.0000000E+00
 3.579928E+05 -8.0112300E-03  1.9116900E-02 -7.7576900E-03 -1.1764200E-03  1.1358300E-03 -5.0496800E-04  2.1480500E-04  4.2542900E-04 -5.5205800E-04 -7.2122000E-04  0.0000000E+00
 1.667810E+05 -1.3658300E-02  3.2328500E-02 -1.3266400E-02 -2.0183400E-03  1.9463500E-03 -8.6527400E-04  3.6803900E-04  7.2760800E-04 -9.4486100E-04 -1.2299900E-03  0.0000000E+00
 8.082843E+04 -1.9146500E-02  4.4716000E-02 -1.8689000E-02 -2.8576000E-03  2.7507500E-03 -1.2229400E-03  5.2026000E-04  1.0318300E-03 -1.3383000E-03 -1.7533200E-03  0.0000000E+00
 4.057833E+04 -3.0444400E-02  6.9917500E-02 -2.9904500E-02 -4.6035400E-03  4.4202200E-03 -1.9649300E-03  8.3567100E-04  1.6486400E-03 -2.1428400E-03 -2.7775600E-03  0.0000000E+00
 2.095843E+04 -4.2990200E-02  9.6112200E-02 -4.2640700E-02 -6.6287300E-03  6.3430700E-03 -2.8201200E-03  1.2000200E-03  2.3884400E-03 -3.0938600E-03 -4.0828400E-03  0.0000000E+00
 1.110441E+04 -6.4234100E-02  1.3876700E-01 -6.4528600E-02 -1.0170300E-02  9.6818600E-03 -4.3032000E-03  1.8295000E-03  3.5903600E-03 -4.6771500E-03 -5.9961200E-03  0.0000000E+00
 6.010572E+03 -8.5824600E-02  1.7595500E-01 -8.7839200E-02 -1.4105500E-02  1.3344100E-02 -5.9335800E-03  2.5265300E-03  5.0717200E-03 -6.5489000E-03 -8.7948600E-03  0.0000000E+00
 3.309871E+03 -1.0957800E-01  2.1157000E-01 -1.1465200E-01 -1.8856900E-02  1.7677700E-02 -7.8540500E-03  3.3356100E-03  6.4519800E-03 -8.4568800E-03 -1.0504600E-02  0.0000000E+00
 1.844509E+03 -1.0576000E-01  1.9646000E-01 -1.1185000E-01 -1.8546200E-02  1.7361000E-02 -7.7255300E-03  3.2986300E-03  6.8478100E-03 -8.7282900E-03 -1.2525600E-02  0.0000000E+00
 1.035641E+03 -4.7444000E-02  1.3681900E-01 -3.5997700E-02 -3.1148500E-03  3.8012100E-03 -1.6694300E-03  6.8350000E-04  6.9891100E-04 -1.2258000E-03  7.6328300E-04  0.0000000E+00
 5.831362E+02  9.7689600E-02  5.6208700E-02  1.9395400E-01  5.2573500E-02 -4.2557500E-02  1.8912800E-02 -7.9982000E-03 -1.4552300E-02  1.9667600E-02  2.1088000E-02  0.0000000E+00
 3.329846E+02  2.2638600E-01  3.7503300E-02  5.1557300E-01  1.5603500E-01 -1.2396500E-01  5.5386300E-02 -2.3712000E-02 -4.9878700E-02  6.3666600E-02  9.3969900E-02  0.0000000E+00
 1.922062E+02  1.9655200E-01  2.6657400E-02  5.9916500E-01  2.1109700E-01 -1.6304600E-01  7.2797600E-02 -3.0785500E-02 -5.5640200E-02  7.5672000E-02  7.9175500E-02  0.0000000E+00
 1.121284E+02  1.2579900E-01  1.5726100E-02  1.1895500E-01  9.7102400E-03 -1.3960200E-02  6.6720900E-03 -3.3651700E-03 -1.8342000E-02  1.7799100E-02  6.7293600E-02  0.0000000E+00
 6.715016E+01  2.3481400E-01  6.7243000E-03 -5.9333100E-01 -5.4015500E-01  4.1248700E-01 -1.9241800E-01  8.3614900E-02  1.9184100E-01 -2.4420300E-01 -4.2584800E-01  0.0000000E+00
 4.044173E+01  2.2058700E-01  9.0618100E-03 -6.3996800E-01 -7.1982600E-01  5.5146900E-01 -2.5650200E-01  1.0830200E-01  1.8135700E-01 -2.6780800E-01 -2.1645600E-01  0.0000000E+00
 2.449248E+01  7.4415000E-02  1.2014300E-03 -1.8344600E-01 -1.1147200E-02  6.4589200E-03 -8.0487500E-03  6.8811300E-03  6.9769100E-02 -3.2338500E-02 -2.3318400E-01  0.0000000E+00
 1.440802E+01  5.4748100E-03  2.2331900E-03  9.1153100E-02  7.9921300E-01 -9.3905400E-01  5.2315400E-01 -2.3640200E-01 -6.1095300E-01  7.8670100E-01  1.6230000E+00  0.0000000E+00
 8.706965E+00 -1.0955500E-03 -2.1204400E-04  7.6535600E-02  5.3049000E-01 -9.2242900E-01  5.4753000E-01 -2.3540800E-01 -3.2124000E-01  5.3866100E-01 -1.2497300E-01  0.0000000E+00
 5.319865E+00 -1.3520400E-04  6.2808200E-04  1.3296200E-02  1.1907900E-01  3.0847700E-01 -2.7204100E-01  1.1455800E-01  3.3697400E-02 -2.9733500E-01  5.2071500E-01  0.0000000E+00
 3.056578E+00  2.6290500E-04 -2.5487200E-04  1.5788400E-03  4.4267700E-02  9.2743100E-01 -9.0969900E-01  4.5696100E-01  1.5930100E+00 -2.5877700E+00 -7.4177000E+00  0.0000000E+00
 1.749985E+00  1.1449500E-04  1.4321600E-04 -3.6301200E-04  1.5016800E-02  3.8786500E-01 -4.7778300E-01  2.2139300E-01  1.4018300E-02  8.3983600E-01  1.0589100E+01  0.0000000E+00
 9.299916E-01  1.7020300E-05 -6.2683400E-05  1.7919600E-04  1.9532300E-03  5.4251600E-02  4.8529600E-01 -2.6582000E-01 -1.6926600E+00  4.3253600E+00 -3.7301400E+00  0.0000000E+00
 4.916852E-01  2.1182500E-06  2.8505400E-05 -6.2449900E-05  2.8639400E-04  2.8664400E-02  7.0088300E-01 -5.3722200E-01 -7.5079700E-01 -3.9967300E+00 -4.5234000E+00  0.0000000E+00
 2.512308E-01  1.5420900E-06 -9.7136200E-06  3.2349200E-05  1.9951800E-04  9.4500300E-03  2.1606000E-01 -2.5729700E-01  1.6284700E+00 -2.5341500E-01  5.4645700E+00  0.0000000E+00
 7.896954E-02 -4.4436400E-08  3.1622500E-06 -8.1655300E-06 -1.3807600E-05  1.2585300E-03  7.9356000E-02  4.4558200E-01  8.5857200E-01  2.4676100E+00 -2.5355900E+00  0.0000000E+00
 3.858563E-02  1.5320600E-07 -1.9818600E-06  6.0119700E-06  7.4728900E-06  1.2414100E-03  9.2226200E-02  5.9473800E-01 -9.2755200E-01 -1.1281300E+00  1.2697400E-01  0.0000000E+00
 1.833210E-02 -3.1310000E-10  5.6436800E-07 -1.3815200E-06 -3.2479100E-06  3.9696100E-04  2.8385900E-02  1.7633300E-01 -3.0670600E-01 -5.0765200E-01  8.4165200E-01  1.0000000E+00
Am p
 5.461867E+07  2.2705500E-05 -2.7957600E-05  2.8135100E-06 -4.0489600E-06  1.7982100E-06 -4.1278400E-07 -1.3156600E-06 -1.9992200E-06 -2.9573000E-06  0.0000000E+00
 1.647789E+07  2.6116300E-05 -3.2183900E-05  3.2447800E-06 -4.6642300E-06  2.0713800E-06 -4.7548700E-07 -1.5154700E-06 -2.3019300E-06 -3.3941300E-06  0.0000000E+00
 5.324550E+06  7.9127100E-05 -9.7557400E-05  9.8459000E-06 -1.4143600E-05  6.2814000E-06 -1.4419200E-06 -4.5958800E-06 -6.9848000E-06 -1.0343800E-05  0.0000000E+00
 1.837582E+06  1.4720400E-04 -1.8174000E-04  1.8397200E-05 -2.6377200E-05  1.1713800E-05 -2.6889200E-06 -8.5700700E-06 -1.3015900E-05 -1.9171800E-05  0.0000000E+00
 6.681142E+05  3.2988200E-04 -4.0794300E-04  4.1444900E-05 -5.9285900E-05  2.6330100E-05 -6.0442600E-06 -1.9265600E-05 -2.9289000E-05 -4.3475700E-05  0.0000000E+00
 2.539696E+05  6.8534000E-04 -8.4964100E-04  8.6787600E-05 -1.2372300E-04  5.4940300E-05 -1.2611700E-05 -4.0195200E-05 -6.1024000E-05 -8.9603700E-05  0.0000000E+00
 1.004603E+05  1.5086700E-03 -1.8769100E-03  1.9318900E-04 -2.7408000E-04  1.2172600E-04 -2.7943700E-05 -8.9073500E-05 -1.3550100E-04 -2.0207100E-04  0.0000000E+00
 4.126779E+04  3.3460200E-03 -4.1827200E-03  4.3497900E-04 -6.1315400E-04  2.7224600E-04 -6.2495000E-05 -1.9917600E-04 -3.0218400E-04 -4.4116800E-04  0.0000000E+00
 1.760687E+04  7.6653600E-03 -9.6500900E-03  1.0186200E-03 -1.4224200E-03  6.3173300E-04 -1.4503000E-04 -4.6234000E-04 -7.0400000E-04 -1.0573900E-03  0.0000000E+00
 7.813499E+03  1.7703300E-02 -2.2518700E-02  2.4291700E-03 -3.3472400E-03  1.4859500E-03 -3.4110900E-04 -1.0871200E-03 -1.6479100E-03 -2.3870600E-03  0.0000000E+00
 3.610213E+03  4.0453700E-02 -5.2312600E-02  5.8316600E-03 -7.8734900E-03  3.4966000E-03 -8.0281300E-04 -2.5596700E-03 -3.9025600E-03 -5.9151100E-03  0.0000000E+00
 1.735141E+03  8.6578200E-02 -1.1483200E-01  1.3450000E-02 -1.7632600E-02  7.8253500E-03 -1.7964600E-03 -5.7256100E-03 -8.6700100E-03 -1.2426400E-02  0.0000000E+00
 8.641140E+02  1.6061200E-01 -2.2076200E-01  2.7567000E-02 -3.4793100E-02  1.5450700E-02 -3.5482800E-03 -1.1316600E-02 -1.7297700E-02 -2.6694900E-02  0.0000000E+00
 4.437286E+02  2.2838600E-01 -3.2352800E-01  4.2618600E-02 -5.2219900E-02  2.3160900E-02 -5.3170000E-03 -1.6943300E-02 -2.5530400E-02 -3.4998600E-02  0.0000000E+00
 2.344622E+02  2.2024900E-01 -2.5031400E-01  1.7111700E-02 -3.1515900E-02  1.4016200E-02 -3.2180800E-03 -1.0277300E-02 -1.6164300E-02 -3.0651400E-02  0.0000000E+00
 1.268093E+02  1.7797700E-01  1.2401300E-01 -1.1629600E-01  7.6147100E-02 -3.4084500E-02  7.8683800E-03  2.5269300E-02  4.0204100E-02  7.7289200E-02  0.0000000E+00
 7.026359E+01  1.9593800E-01  5.2327000E-01 -3.2207200E-01  2.3372700E-01 -1.0456300E-01  2.4104500E-02  7.7217500E-02  1.1618100E-01  1.4305600E-01  0.0000000E+00
 3.938804E+01  1.4606200E-01  4.1765000E-01 -2.0253200E-01  1.4084800E-01 -6.2361300E-02  1.4378000E-02  4.5957600E-02  7.4968900E-02  1.7696500E-01  0.0000000E+00
 2.187614E+01  3.8141700E-02  2.3548800E-02  3.5449100E-01 -2.7923000E-01  1.3496500E-01 -3.1746900E-02 -1.0470000E-01 -1.8134800E-01 -4.4566800E-01  0.0000000E+00
 1.229113E+01  4.0730200E-04 -1.3333500E-01  6.2195100E-01 -5.9150300E-01  2.9353800E-01 -6.8895000E-02 -2.2222300E-01 -3.2739800E-01 -2.6262500E-01  0.0000000E+00
 6.858993E+00 -4.6000600E-04 -5.5571500E-02  2.5795000E-01 -5.5098300E-02 -1.3626400E-03  8.9094800E-04  8.1820900E-03  4.7166700E-03 -3.1258100E-01  0.0000000E+00
 3.747079E+00 -2.4383700E-05 -3.2474600E-03  2.6437400E-02  6.5130000E-01 -4.5315600E-01  1.1430300E-01  3.8833400E-01  7.6114000E-01  2.4449200E+00  0.0000000E+00
 2.004638E+00  1.4513000E-04  2.0552100E-03  2.0008800E-03  4.8605300E-01 -3.5436000E-01  9.0722900E-02  3.5606500E-01  4.2979900E-01 -1.9395500E+00  0.0000000E+00
 9.997870E-01  6.4039500E-06  3.2290300E-04  2.9406100E-05  9.6811500E-02  2.6549800E-01 -8.7608800E-02 -6.5915300E-01 -1.8369700E+00 -1.6210600E+00  0.0000000E+00
 4.999720E-01  1.0655200E-05  8.2453100E-05  1.7033200E-04  2.1914300E-02  5.9512800E-01 -2.0298900E-01 -5.3419300E-01  3.5676400E-01  3.7172300E+00  0.0000000E+00
 2.420660E-01 -2.2504200E-06  7.6041900E-06  3.0757500E-05  1.3338300E-02  3.4724200E-01 -1.6342600E-01  3.6473800E-01  1.4129000E+00 -2.3335300E+00  0.0000000E+00
 9.976400E-02  1.5377500E-06  7.6308300E-06  2.6023200E-05  1.3209300E-03  4.9920000E-02  2.0230500E-01  6.6161300E-01 -6.7549600E-01 -6.5080900E-02  0.0000000E+00
 4.315500E-02 -6.6743100E-07 -2.8125600E-06 -6.6798300E-06  9.6011400E-05 -1.3703400E-03  6.2374700E-01  2.0710600E-01 -4.8331500E-01  7.4000800E-01  0.0000000E+00
 1.815600E-02  1.9468800E-07  8.0886500E-07  2.2203100E-06 -9.3496400E-06  1.0591900E-03  3.3293900E-01  3.6113100E-03  9.1920700E-03 -3.2356800E-02  1.0000000E+00
Am d
 1.226051E+05  2.3230700E-05 -8.2864800E-06  5.4542500E-06 -1.4745000E-06 -2.6786600E-06  3.5167400E-06  3.9043400E-06  0.0000000E+00
 2.876408E+04  1.4296200E-04 -5.1038700E-05  3.3538900E-05 -9.0693500E-06 -1.6313900E-05  1.8929400E-05  2.2038200E-05  0.0000000E+00
 9.273320E+03  7.1300600E-04 -2.5594700E-04  1.6837100E-04 -4.5520700E-05 -8.2925900E-05  1.1233200E-04  1.2322500E-04  0.0000000E+00
 3.576590E+03  3.1154200E-03 -1.1221100E-03  7.3622500E-04 -1.9914100E-04 -3.5769900E-04  4.0806300E-04  4.7865300E-04  0.0000000E+00
 1.557280E+03  1.2016900E-02 -4.3754500E-03  2.8722500E-03 -7.7680800E-04 -1.4156400E-03  1.9218200E-03  2.1009500E-03  0.0000000E+00
 7.385018E+02  3.9793200E-02 -1.4651000E-02  9.5811900E-03 -2.5931300E-03 -4.6576000E-03  5.3138800E-03  6.2413300E-03  0.0000000E+00
 3.720166E+02  1.0937200E-01 -4.1274000E-02  2.6960300E-02 -7.2983000E-03 -1.3304000E-02  1.8168300E-02  1.9823400E-02  0.0000000E+00
 1.960926E+02  2.3372100E-01 -8.9078900E-02  5.7937200E-02 -1.5695400E-02 -2.8145800E-02  3.1149400E-02  3.7210000E-02  0.0000000E+00
 1.064784E+02  3.5874600E-01 -1.3208600E-01  8.6733600E-02 -2.3461400E-02 -4.3235600E-02  6.4549500E-02  6.8874600E-02  0.0000000E+00
 5.921491E+01  3.3750700E-01 -7.4588400E-02  5.0440900E-02 -1.3306600E-02 -2.2635100E-02  6.7942600E-03  1.9279000E-02  0.0000000E+00
 3.314212E+01  1.3612500E-01  1.7316600E-01 -1.0108300E-01  2.8970700E-02  4.9816300E-02 -2.0584300E-02 -5.0505100E-02  0.0000000E+00
 1.835597E+01 -4.1882300E-02  4.3843600E-01 -2.6922300E-01  7.6053800E-02  1.4673300E-01 -2.7908300E-01 -2.9338400E-01  0.0000000E+00
 1.022886E+01 -6.7794100E-02  3.9557700E-01 -2.0435400E-01  5.5128400E-02  9.1781300E-02  3.5488200E-02 -3.2141600E-02  0.0000000E+00
 5.621258E+00 -2.3843200E-02  1.3755700E-01  2.1427200E-01 -7.8457600E-02 -1.3893800E-01 -4.7015400E-02  1.8744600E-01  0.0000000E+00
 3.004193E+00 -2.1166400E-03  1.1666100E-02  5.1982600E-01 -1.8395000E-01 -4.0445900E-01  1.1854900E+00  1.5115200E+00  0.0000000E+00
 1.553913E+00  1.9843800E-04 -6.8120500E-04  3.6641200E-01 -9.9428200E-02 -1.7074300E-01 -1.1156500E+00 -3.1059900E+00  0.0000000E+00
 7.550580E-01  6.2414600E-05 -4.1122700E-04  9.3987600E-02  1.8983000E-01  9.5258600E-01 -6.6273500E-01  2.4849200E+00  0.0000000E+00
 3.251992E-01  3.6859300E-06  1.6457500E-05  5.2197700E-03  4.5126400E-01  1.6442700E-01  1.4436800E+00 -7.7898200E-01  0.0000000E+00
 1.308263E-01 -2.4485600E-07 -1.5951500E-05  3.5063000E-04  4.3549900E-01 -6.2978100E-01 -5.1300600E-01 -5.5851500E-01  0.0000000E+00
 4.918490E-02 -1.2367000E-07  4.5364200E-06 -8.1964600E-05  1.6940100E-01 -2.4430900E-01 -3.7464700E-01  8.0946000E-01  1.0000000E+00
Am f
 1.166475E+03  8.8139600E-04 -2.9276200E-04  3.1171700E-04 -3.2046000E-04  3.6201700E-04  0.0000000E+00
 3.924223E+02  7.7385800E-03 -2.5970800E-03  2.8060600E-03 -3.0450900E-03  3.1412700E-03  0.0000000E+00
 1.661642E+02  3.9416600E-02 -1.3190200E-02  1.4105000E-02 -1.4645800E-02  1.6202500E-02  0.0000000E+00
 7.801341E+01  1.2797300E-01 -4.3260500E-02  4.6823800E-02 -5.0732400E-02  5.2406900E-02  0.0000000E+00
 3.885570E+01  2.7560200E-01 -9.0787500E-02  9.6237500E-02 -9.8572400E-02  1.1043600E-01  0.0000000E+00
 1.975059E+01  3.7852100E-01 -1.1353100E-01  1.1737800E-01 -1.2659500E-01  1.1111700E-01  0.0000000E+00
 1.019750E+01  3.0678300E-01 -4.0857900E-02  1.8680700E-02  1.7283800E-02 -1.2612300E-02  0.0000000E+00
 5.279045E+00  1.2546000E-01  1.5086300E-01 -1.9738800E-01  2.1249200E-01 -3.5329600E-01  0.0000000E+00
 2.686459E+00  1.9559100E-02  3.2810100E-01 -3.8623500E-01  5.7625700E-01 -5.3777200E-01  0.0000000E+00
 1.337714E+00  7.0870600E-04  3.6711900E-01 -1.7724700E-01 -5.0994500E-01  1.5191900E+00  0.0000000E+00
 6.387267E-01  8.2894900E-05  2.7816600E-01  4.0106700E-01 -6.4328900E-01 -8.9946900E-01  0.0000000E+00
 2.861333E-01 -2.3955500E-06  1.4173400E-01  4.7003200E-01  5.1399900E-01 -4.2244100E-01  0.0000000E+00
 1.139810E-01  4.8994700E-06  3.4827800E-02  2.0535800E-01  4.6247200E-01  8.1935200E-01  1.0000000E+00
Am g
 2.971818E+00  1.0000000E+00  0.0000000E+00  0.0000000E+00
 9.632869E-01  0.0000000E+00  1.0000000E+00  0.0000000E+00
 2.231343E-01  0.0000000E+00  0.0000000E+00  1.0000000E+00
Am h
 1.446907E+00  1.0000000E+00