#BASIS SET: (10s,9p,8d,2f,1g) -> [5s,5p,4d,2f,1g]
Au    S
     36.0126000              0.0190290             -0.0067770              0.0039090             -0.0119140        
     22.5645000             -0.1678000              0.0600080              0.0337600              0.1330690        
     14.1620000              0.4966770             -0.1833280             -0.1660600             -0.4342870        
      8.8548700             -0.2662560              0.1147190             -0.0517890              0.1701570        
      5.0607200             -0.6998980              0.2488220              0.7950230              1.0647560        
      1.4740500              0.8731080             -0.4376710             -1.8059270             -4.0055360        
      0.7049130              0.5025820             -0.3311080              0.5612390              4.4028320        
      0.2177870              0.0321960              0.2741810              1.8784270             -1.4321630        
      0.0974080             -0.0055030              0.6377380             -0.9692290             -1.1432550        
Au    S
      0.0412140              1.0000000        
Au    P
     21.5954000             -0.0132180              0.0030800              0.0070860              0.0129200        
     13.5145000              0.0801960             -0.0214060             -0.0474930             -0.0820290        
      6.2551400             -0.2966860              0.0867760              0.1918930              0.3386190        
      1.7181400              0.5289590             -0.1897740             -0.4636370             -1.2549920        
      0.8694390              0.4788890             -0.1858350             -0.4351380              0.2258130        
      0.4267590              0.1576200              0.0047800              0.4944030              1.5758790        
      0.1842970              0.0138970              0.3638360              0.6751140             -0.8043540        
      0.0763790              0.0008350              0.5417640              0.1315360             -0.5073130        
Au    P
      0.0312200              1.0000000        
Au    D
     87.0208000              0.0000440             -0.0000310             -0.0000440        
     11.0668000              0.0142880             -0.0199590              0.0350830        
      6.6604700             -0.0688760              0.0953200             -0.1619420        
      1.9469600              0.2395590             -0.4213430              1.0421550        
      0.9847060              0.3873230             -0.5069330             -0.2648650        
      0.4746550              0.3487560              0.2854660             -1.1163050        
      0.2165580              0.1984920              0.5825650              0.5457620        
Au    D
      0.0914720              1.0000000        
Au    F
      1.4385000              1.0000000        
Au    F
      0.4878000              1.0000000        
Au    G
      1.2257000              1.0000000        