#BASIS SET: (10s,11p,9d,1f) -> [5s,4p,3d,1f]
Br    S
   9659.3900000              0.0003710             -0.0001520              0.0000000              0.0000000              0.0000000        
   1455.9600000              0.0025710             -0.0010080              0.0000000              0.0000000              0.0000000        
    325.9140000              0.0084850             -0.0036090              0.0000000              0.0000000              0.0000000        
     46.5657000              0.0782220             -0.0278720              0.0000000              0.0000000              0.0000000        
     18.2469000             -0.3971490              0.1513170              0.0000000              0.0000000              0.0000000        
      3.8020100              0.6858640             -0.3514970              0.0000000              0.0000000              0.0000000        
      1.7863200              0.4868190             -0.4107030              0.0000000              0.0000000              0.0000000        
      0.6027140              0.0349130              0.3473160              1.0000000              0.0000000              0.0000000        
      0.2840140             -0.0065730              0.6754910              0.0000000              1.0000000              0.0000000        
      0.1202710              0.0016420              0.2440080              0.0000000              0.0000000              1.0000000        
Br    P
    492.1870000              0.0004720             -0.0001580              0.0000000              0.0000000        
     92.3642000              0.0054940             -0.0013440              0.0000000              0.0000000        
     27.0718000             -0.0880300              0.0246160              0.0000000              0.0000000        
      7.2653900              0.3434850             -0.1125320              0.0000000              0.0000000        
      3.4848100              0.5102080             -0.1797750              0.0000000              0.0000000        
      1.6404800              0.2486310             -0.0736610              0.0000000              0.0000000        
      0.6485700              0.0222010              0.3487340              0.0000000              0.0000000        
      0.2564070             -0.0004190              0.5579480              0.0000000              0.0000000        
      0.0953040              0.0006560              0.2664560              0.0000000              0.0000000        
      0.7666000              0.0000000              0.0000000              1.0000000              0.0000000        
      0.1182000              0.0000000              0.0000000              0.0000000              1.0000000        
Br    D
    338.9960000              0.0015240              0.0000000              0.0000000        
    103.2170000              0.0156730              0.0000000              0.0000000        
     42.3638000              0.0724000              0.0000000              0.0000000        
     18.4356000              0.1863030              0.0000000              0.0000000        
      8.3725400              0.3238810              0.0000000              0.0000000        
      3.8022200              0.3745340              0.0000000              0.0000000        
      1.6867700              0.2574180              0.0000000              0.0000000        
      0.6775200              0.0680510              1.0000000              0.0000000        
      0.2553000              0.0000000              0.0000000              1.0000000        
Br    F
      0.5606000              1.0000000