#BASIS SET: (20s,13p,9d,1f) -> [6s,5p,3d,1f]
Br    S
 10639000.0000000            0.0001832             -0.0000591              0.0000236             -0.0000072        
 1593400.0000000             0.0005094             -0.0001646              0.0000657             -0.0000202        
 362610.0000000              0.0013353             -0.0004325              0.0001726             -0.0000530        
 102700.0000000              0.0032222             -0.0010466              0.0004176             -0.0001284        
  33501.0000000              0.0076707             -0.0025103              0.0010031             -0.0003083        
  12093.0000000              0.0182439             -0.0060229              0.0024075             -0.0007407        
   4715.9000000              0.0433826             -0.0146734              0.0058916             -0.0018109        
   1955.6000000              0.0991426             -0.0347901              0.0140102             -0.0043190        
    852.6100000              0.2010706             -0.0773387              0.0316098             -0.0097329        
    387.6700000              0.3191212             -0.1442475              0.0600877             -0.0186483        
    182.6800000              0.3179374             -0.1985461              0.0872309             -0.0270679        
     88.2450000              0.1406661             -0.0726261              0.0324842             -0.0105140        
     39.2630000              0.0138611              0.3809663             -0.2258144              0.0747565        
     19.2340000             -0.0008414              0.5761470             -0.5093521              0.1753422        
      9.4057000              0.0003982              0.2033629             -0.1106266              0.0399153        
      4.1601000             -0.0002226              0.0112299              0.7018218             -0.3301097        
      1.8995000              0.0000678              0.0010430              0.5477988             -0.4463003        
      0.3011400              0.0000221              0.0000729             -0.0089968              0.6810696        
Br    S
      0.6047200              1.0000000        
Br    S
      0.1251500              1.0000000        
Br    P
   8676.5000000              0.0009606             -0.0003881              0.0001001        
   2055.9000000              0.0050551             -0.0020557              0.0005330        
    666.2300000              0.0234154             -0.0096085              0.0024808        
    253.1000000              0.0841414             -0.0355099              0.0092595        
    106.1200000              0.2229616             -0.0981287              0.0255286        
     47.2420000              0.3880657             -0.1828576              0.0486125        
     21.8250000              0.3534548             -0.1498313              0.0376864        
      9.9684000              0.1085321              0.1959655             -0.0631036        
      4.5171000              0.0042339              0.5433698             -0.1878988        
      1.9982000              0.0016954              0.3792448             -0.1319307        
      0.2814500              0.0001980             -0.0040330              0.5723946        
Br    P
      0.7098800              1.0000000        
Br    P
      0.1020400              1.0000000        
Br    D
    403.8300000              0.0016248        
    121.1700000              0.0130068        
     46.3450000              0.0582881        
     19.7210000              0.1698577        
      8.8624000              0.3172628        
      3.9962000              0.3831152        
      1.7636000              0.2764135        
Br    D
      0.7061900              1.0000000        
Br    D
      0.2639000              1.0000000        
Br    F
      0.5515000              1.0000000        