Br P     
 2       46.773471        -198.224488
 2       46.184120         198.253046
 2       21.713858         -56.523480
 2       20.941792          56.623366
Br D                     
 2       50.698839          18.605853
 2       50.644764         -18.615520
 2       15.447509           0.379693
 2       15.500259          -0.520389
 2        2.800391          -0.035968
 2        1.077480           0.062931
Br F                     
 2       14.465606           0.727513
 2       21.234065          -1.443846