#BASIS SET: (12s,11p,9d,8f) -> [5s,5p,4d,3f]
Ce    S
   3898.5983000              0.0001397             -0.0000690              0.0000196        
    587.5621400              0.0007252             -0.0004085              0.0001157        
     56.2289570              0.0710783             -0.0264038              0.0073799        
     40.1635400             -0.3791780              0.1533613             -0.0427548        
     28.6882430              0.6405994             -0.2790924              0.0779625        
     11.6721150             -0.9724702              0.4901745             -0.1388585        
      3.0413330              0.9697800             -0.7006985              0.2111850        
      1.5677130              0.4289225             -0.5149331              0.1634830        
      0.5958300              0.0205545              0.7856935             -0.3033091        
      0.2635530             -0.0022324              0.6357345             -0.4402986        
Ce    S
      0.0206760              1.0000000        
Ce    S
      0.0489520              1.0000000        
Ce    P
    228.1454400             -0.0007743             -0.0003179        
     28.7764530              0.0068490             -0.0052034        
     20.3808040             -0.1958454             -0.0566468        
     14.5577170              0.4169099              0.1571566        
      4.1370340             -0.5395683             -0.2904912        
      2.1598480             -0.5237725             -0.3005688        
      1.0180830             -0.1154538              0.0831760        
      0.5541700              0.0038796              0.5241062        
Ce    P
      0.1107100              1.0000000        
Ce    P
      0.2636410              1.0000000        
Ce    P
      0.0500000              1.0000000        
Ce    D
     55.9994580              0.0046412        
     11.8300230             -0.1325035        
      8.3587160              0.2383096        
      3.9389130              0.4536999        
      2.0038390              0.3858069        
      1.0045770              0.1443974        
Ce    D
      0.1424300              1.0000000        
Ce    D
      0.4658530              1.0000000        
Ce    D
      0.0400000              1.0000000        
Ce    F
     65.4967110             -0.0084158        
     24.7369070             -0.0582477        
     10.4430730             -0.1614187        
      4.6588320             -0.2857250        
      2.0913040             -0.3499457        
      0.9193210             -0.3136248        
Ce    F
      0.3813310              1.0000000        
Ce    F
      0.1404000              1.0000000           
