#BASIS SET: (14s,13p,10d,8f,6g) -> [6s,6p,5d,4f,3g]
Ce    S
  66920.6810000      0.0000050      -0.0000020       0.0000010      -0.0000030      -0.0000040      -0.0000070        
   7142.4190000      0.0000620      -0.0000350       0.0000160      -0.0000400      -0.0000320      -0.0001050        
   1149.2279000      0.0004080      -0.0001490       0.0000620      -0.0002290      -0.0005490      -0.0004330        
    626.0474000      0.0000800      -0.0001700       0.0000840      -0.0001120       0.0004730      -0.0005600        
    137.2813000      0.0035590      -0.0012510       0.0005200      -0.0018400      -0.0042780      -0.0032230        
     36.6434000     -0.2073650       0.0861910      -0.0371330       0.1048530       0.1506330       0.2067520        
     25.9742000      0.5799820      -0.2563780       0.1114820      -0.3086430      -0.3990330      -0.6528630        
     11.8859000     -1.0115820       0.5024530      -0.2217190       0.6240620       0.7562110       1.5189980        
      3.0284000      0.9722280      -0.6993980       0.3207840      -1.2790040      -2.1907410      -6.3182920        
      1.5664000      0.4176620      -0.4822590       0.2474270      -0.0929100       1.8168770       9.0575890        
      0.5937000      0.0244390       0.7870130      -0.4873920       2.7964190       1.0587330      -7.0391810        
      0.2630000      0.0012250       0.5337440      -0.4703180      -2.1897260      -2.2006120       3.8881050        
      0.0490000     -0.0002980       0.1193800       0.8017470      -0.5266280       2.7220100      -1.5744610        
      0.0207000     -0.0006740       0.0465890       0.3856330       0.9578910      -2.0559830       0.8892570        
Ce    P                                                                                             
   3813.8026000      0.0000050      -0.0000040       0.0000050       0.0000090       0.0000100       0.0000860        
   1216.9447000      0.0000510      -0.0000150      -0.0000030      -0.0000060       0.0000350      -0.0007270        
    496.6641000      0.0000530      -0.0000570       0.0000970       0.0001660       0.0001620       0.0019870        
    212.5431000      0.0006710      -0.0002580       0.0001140       0.0001850       0.0006480      -0.0054360        
     27.6306000      0.0088050      -0.0124680       0.0167470       0.0303100       0.0512640       0.1422360        
     19.6040000      0.1508610      -0.0383210       0.0095430       0.0074070       0.0214170      -0.7366610        
     13.8918000     -0.4014040       0.1558500      -0.1059730      -0.1711670      -0.3371470       1.3090340        
      4.4389000      0.4695540      -0.2567430       0.1990330       0.3920760       1.1924230      -4.9029850        
      2.3374000      0.5754180      -0.3557090       0.3825850       0.6131310       0.2702490       8.1597120        
      1.1067000      0.1411640       0.0823200      -0.3658040      -1.0946620      -3.6173310      -7.4435140        
      0.5287000      0.0041150       0.6300310      -0.6399950      -0.7691230       4.6151260       4.8066530        
      0.2305000      0.0045180       0.4335020       0.2091550       2.0691380      -2.8212890      -2.0133070        
      0.0800000     -0.0001590       0.0405110       0.9153010      -1.2538320       0.8745550       0.4996320        
Ce    D                                                                                             
    367.7157000      0.0001200      -0.0000440       0.0001490      -0.0000290       0.0008620      
    109.8798000      0.0009910      -0.0002850      -0.0001420       0.0013340      -0.0077520      
     36.0211000      0.0077780      -0.0026510       0.0072340       0.0013310       0.0269210      
     14.7637000     -0.0629580       0.0213970      -0.0493470      -0.0287540      -0.0728670      
      7.3281000      0.1803420      -0.0719660       0.1604230       0.0847020       0.2714640      
      3.9441000      0.4325290      -0.1224570       0.0602230       0.4854730      -2.5023490      
      2.0202000      0.3986630      -0.1672490       0.5523760       0.1332970       3.9643520      
      0.9649000      0.1443580       0.2003350      -0.9382330      -1.4195590      -2.6049110      
      0.3273000      0.0094750       0.5940560      -0.3038900       1.4934260       1.0085580      
      0.1032000     -0.0006700       0.4401230       0.8590430      -0.8250490      -0.3728750      
Ce    F                                                                                             
    123.4821000      0.0015660      -0.0017310       0.0018270      -0.0034460                      
     43.9881000      0.0181010      -0.0185050       0.0080550      -0.0206300                      
     19.4518000      0.0761570      -0.0821160       0.0696710      -0.1378950                      
      8.6013000      0.1926830      -0.1968700       0.0876040      -0.2313010                      
      3.8049000      0.3243320      -0.3316480       0.3870140      -0.6387810                      
      1.6176000      0.3794120      -0.1800940      -0.2237520       1.6189900                      
      0.6364000      0.3071170       0.5370880      -0.8166170      -1.2843060                      
      0.2164000      0.1533870       0.4954460       0.9986410       0.5267580                      
Ce    G                                                                             
     19.4518000      0.0021990       0.0231970       0.0423510                      
      8.6013000      0.0374280       0.1110210       0.0524620                      
      3.8049000      0.0303780       0.2644950       0.5516620                      
      1.6176000      0.3556640       0.7120600      -0.1500210                      
      0.6364000      0.6660090      -0.5471460      -0.5516470                      
      0.2164000      0.1113690      -0.3380940       0.9051190                      