#BASIS SET: (30s,24p,16d,11f,3g,1h) -> [10s,9p,7d,5f,3g,1h]
Ce    S
 72668210.0000000            0.000208258           -0.000106321            5.89343E-05           -1.34551E-05            7.32532E-06           -4.28617E-06           -6.19265E-06            8.12994E-06           -1.07466E-05      
 19025530.0000000            0.00022468            -0.000114731            6.36065E-05           -1.45228E-05            7.90666E-06           -4.62648E-06           -6.68573E-06            8.7729E-06            -1.16602E-05      
 6316436.0000000             0.00062915            -0.000321414            0.000178244           -4.07E-05               2.21577E-05           -1.29646E-05           -1.87286E-05            2.45956E-05           -3.23933E-05      
 2299694.0000000             0.00101047            -0.00051672             0.00028674            -6.54915E-05            3.56549E-05           -2.08634E-05           -3.01561E-05            3.95539E-05           -5.28287E-05      
 899010.9000000              0.00204759            -0.00104857             0.000582445           -0.000133061            7.24364E-05           -4.23814E-05           -6.12036E-05            8.04362E-05           -0.000105057      
 368072.3000000              0.00360109            -0.0018486              0.00102849            -0.000235119            0.000127997           -7.4902E-05            -0.000108319            0.000141924           -0.00019187       
 156999.7000000              0.00670303            -0.00345367             0.00192627            -0.000440626            0.000239835           -0.00014031            -0.000202476            0.000266566           -0.000341483      
  69347.1700000              0.0120144             -0.00622538             0.00348517            -0.00079844             0.000434612           -0.000254367           -0.000368262            0.000481323           -0.00066844       
  31634.2800000              0.0219674             -0.0114848              0.00646787            -0.00148406             0.000807518           -0.000472316           -0.000680603            0.000899326           -0.00110603       
  14861.7200000              0.0397489             -0.0210699              0.0119725             -0.00275683             0.00150013            -0.00087827            -0.00127413             0.00165754            -0.00241688       
   7174.2550000              0.0716812             -0.0388833              0.0224254             -0.00518571             0.00281957            -0.00164847            -0.00236994             0.00315155            -0.00360449       
   3549.9750000              0.1240350             -0.0699104              0.0412848             -0.00963262             0.00523669            -0.00306768            -0.00446509             0.00576558            -0.00905471       
   1796.4240000              0.1953050             -0.1179440              0.0725510             -0.0171467              0.00930495            -0.00543614            -0.0077867              0.0104708             -0.0104616        
    927.8343000              0.2506480             -0.1705960              0.1119330             -0.0271199              0.0147047             -0.00862615            -0.0126495              0.0160680             -0.0293082        
    488.0337000              0.2208290             -0.1795110              0.1285580             -0.0321290              0.0173481             -0.0101050             -0.0142564              0.0200373             -0.00877281       
    260.4187000              0.1097550             -0.0621059              0.0374304             -0.00908084             0.00497095            -0.00301455            -0.00512022             0.00392132            -0.0429167        
    137.9546000              0.0586167              0.2013020             -0.2604420              0.0822551             -0.0439985              0.0260231              0.0395665             -0.0465424              0.1444590        
     75.1871200              0.0716669              0.3579560             -0.6075660              0.2200450             -0.1166770              0.0680275              0.0965136             -0.1414180              0.0249439        
     41.0689200              0.0440044              0.2151300             -0.4585830              0.1898620             -0.1019420              0.0610259              0.0959686             -0.1029910              0.4592340        
     21.5935400              0.0238344              0.1483090              0.3298290             -0.2339080              0.1268250             -0.0774371             -0.1290180              0.1255210             -0.8739050        
     12.3095500              0.0282907              0.1935290              0.7514000             -0.7655050              0.4348550             -0.2593560             -0.3943700              0.6788300              0.2450860        
      6.8486420              0.0117840              0.0803937              0.3037430             -0.2842900              0.1550910             -0.0988015             -0.1669470             -0.00106579            -1.8875800        
      3.5949210              0.000481232            0.00248737            -0.0167874              0.7198390             -0.5113790              0.3370700              0.7026420             -0.9302000              5.4559100        
      1.9081290             -0.000254719           -0.00247981            -0.0351997              0.6092000             -0.6934030              0.4744010              0.8953760             -1.6305700             -3.9247900        
      0.8829686             -6.48126E-05           -0.000538808           -0.00500199             0.0969361              0.1232830             -0.0986611             -1.2528100              5.0275600             -3.5080200        
      0.4658044             -3.57149E-06           -7.457E-05             -0.00195902             0.0724334              0.6746170             -0.6521130             -1.3951700             -3.1643100              8.4385300        
      0.2251415             -1.16812E-05           -0.000103541           -0.00105926             0.0350940              0.2591860             -0.4205260              1.7039700             -0.9232140             -6.1317900        
      0.05780555             4.23339E-07           -1.50573E-06           -0.000148893            0.00792978             0.1813820              0.4945940              1.1626000              3.1305900              3.1804900        
      0.03066448            -2.3529E-06            -1.93844E-05           -0.000143354            0.0069570              0.1620640              0.4935870             -1.3015800             -2.0894200             -1.2630700        
Ce    S
      0.01543967             1.0000000        
Ce    P
 11511540.0000000            8.57513E-06           -6.95915E-06            1.87611E-06           -9.41986E-07            2.15865E-07            5.41154E-07            9.67462E-07            1.36247E-06      
 1878613.0000000             2.65215E-05           -2.15347E-05            5.80735E-06           -2.91564E-06            6.68151E-07            1.67574E-06            2.99575E-06            4.20295E-06      
 412755.7000000              8.32112E-05           -6.76303E-05            1.82534E-05           -9.16511E-06            2.10029E-06            5.2625E-06             9.40884E-06            1.3312E-05       
 108560.4000000              0.000253083           -0.000205959            5.56263E-05           -2.79232E-05            6.39907E-06            1.6064E-05             2.87178E-05            3.99795E-05      
  32806.0300000              0.000784932           -0.000640314            0.000173309           -8.70218E-05            1.99424E-05            4.99016E-05            8.92265E-05            0.000127669      
  11178.9100000              0.00246988            -0.00202127             0.000548056           -0.000275024            6.30302E-05            0.00015849             0.000283367            0.000389358      
   4238.3240000              0.00776813            -0.00639647             0.00174326            -0.000875236            0.000200587            0.000501138            0.000896154            0.00129959       
   1757.7440000              0.0235553             -0.0195960              0.0053760             -0.00269618             0.000618007            0.00155639             0.00278367             0.0037830        
    783.3313000              0.0650710             -0.0552579              0.0153953             -0.00772441             0.00177075             0.00441866             0.00790437             0.0115966        
    369.4111000              0.1505730             -0.1321730              0.0376392             -0.0188492              0.00432262             0.0109106              0.0195374              0.0262346        
    181.7121000              0.2634910             -0.2427290              0.0715749             -0.0358720              0.00822985             0.0204548              0.0366047              0.0555438        
     92.3504400              0.2976050             -0.2747490              0.0807092             -0.0403035              0.00924647             0.0237048              0.0425473              0.0503578        
     47.9349400              0.1943200             -0.0357084             -0.0228210              0.0110949             -0.00262363            -0.00784979            -0.0149020             -0.00142125       
     25.1594300              0.1266290              0.3809200             -0.2449410              0.1243770             -0.0289642             -0.0705390             -0.1284020             -0.2446970        
     13.5869600              0.1139470              0.4947190             -0.3525520              0.1796850             -0.0421459             -0.1138740             -0.2140980             -0.2165930        
      7.3187850              0.0445415              0.1910800              0.0518979             -0.0454890              0.0121762              0.0470174              0.1131040              0.0603278        
      3.8490010              0.00303424            -0.00311564             0.5528250             -0.3521070              0.0888294              0.2124200              0.4236650              1.1866000        
      2.0137860             -0.0010484             -0.0175649              0.4461720             -0.3299600              0.0868319              0.2784800              0.5328040             -0.3094900        
      0.9925990             -0.00029183            -0.00430556             0.1061350              0.1817250             -0.0701483             -0.3911540             -1.3635600             -2.7156500        
      0.4963163             -4.62665E-05           -0.000796595            0.0400965              0.5688520             -0.1999140             -0.5002690             -0.4222750              3.5401300        
      0.2418156             -4.60498E-05           -0.000722794            0.0287020              0.3921030             -0.1977850              0.0577798              1.5976100             -1.1903700        
      0.1057719             -1.46513E-06           -5.01288E-05            0.00409019             0.0675316              0.1584620              0.6110640             -0.1744430             -1.0600800        
      0.04521552            -1.63446E-06           -1.93683E-05            0.000207185            0.000292282            0.6473180              0.4489640             -0.7292920              0.9986300        
Ce    P
      0.01901262             1.0000000        
Ce    D
   8963.8030000              7.79042E-05           -3.45855E-05           -9.36553E-06            1.43934E-05            1.25965E-05           -6.52878E-06      
   2359.4220000              0.00062165            -0.000277422           -7.50835E-05            0.000112993            0.000151943           -0.000236822      
    852.3174000              0.00362218            -0.00161693            -0.000438158            0.000673004            0.000589355           -0.000309038      
    361.4815000              0.0162850             -0.00733946            -0.0019889              0.00299536             0.00390145            -0.00583125       
    168.7637000              0.0559557             -0.0254106             -0.00689985             0.0105726              0.00945375            -0.00554641       
     83.7818800              0.1464580             -0.0679355             -0.0184734              0.0277035              0.0366313             -0.0561218        
     43.3238100              0.2765860             -0.1272020             -0.0345975              0.0537647              0.0435574             -0.0115503        
     22.8883700              0.3595590             -0.1570780             -0.0424064              0.0641493              0.1119920             -0.2234770        
     12.2671800              0.2706620             -0.0439066             -0.00802686             0.0211107             -0.0472327              0.2298640        
      6.5034720              0.0901667              0.2504360              0.0817227             -0.1396180             -0.0388930             -0.2441280        
      3.3609270              0.00543803             0.4592130              0.1463710             -0.2256680             -0.5857970              1.4847700        
      1.7034720             -0.00252327             0.3418370              0.0876105             -0.2678210              0.2267330             -2.2295600        
      0.8188752             -0.000905412            0.0975034             -0.1767960              0.8669410              1.2724200              0.9982830        
      0.3497836             -2.30992E-05            0.00592397            -0.4594860              0.3037010             -1.4642000              0.6095680        
      0.1400660             -1.19715E-05            0.000337668           -0.4448700             -0.6774570              0.2267710             -1.3752700        
Ce    D
      0.05206825             1.0000000        
Ce    F
    204.7633000              0.00115035            -0.00111455             0.000533279           -0.000511952      
     69.7227900              0.00943793            -0.00970785             0.00688901            -0.00945694       
     29.2417300              0.0398943             -0.0388546              0.0188326             -0.0176124        
     13.2389500              0.1138650             -0.1178290              0.0853511             -0.1173700        
      6.3152370              0.2241440             -0.2144350              0.0991698             -0.0913653        
      3.0285410              0.3117500             -0.3159890              0.3507460             -0.5411320        
      1.4293920              0.3250360             -0.1177780             -0.2678160              1.1415500        
      0.6476231              0.2552640              0.4923830             -0.7550880             -0.2954480        
      0.2743391              0.1379530              0.3990290              0.5548680             -0.8523580        
      0.1088394              0.0361602              0.1675940              0.4984900              0.8881710        
Ce    F
      0.04000793             1.0000000        
Ce    G
      2.8143860              1.0000000        
Ce    G
      0.8312218              1.0000000        
Ce    G
      0.1725995              1.0000000        
Ce    H
      1.1000370              1.0000000        