#BASIS SET: (15s,9p,3d,1f) -> [5s,4p,3d,1f]
Cl    S
 456100.0000000              2.6450000E-04         -7.4700000E-05          2.2600000E-05    
  68330.0000000              8.9050000E-04         -2.5150000E-04          7.6100000E-05    
  15550.0000000              2.9934000E-03         -8.4920000E-04          2.5720000E-04    
   4405.0000000              9.8871000E-03         -2.8128000E-03          8.5150000E-04    
   1439.0000000              3.1560600E-02         -9.1519000E-03          2.7786000E-03    
    520.4000000              9.0371100E-02         -2.6990300E-02          8.2052000E-03    
    203.1000000              2.1344060E-01         -6.9933000E-02          2.1493300E-02    
     83.9600000              3.6467720E-01         -1.4269060E-01          4.4527600E-02    
     36.2000000              3.3773870E-01         -1.9788530E-01          6.4668000E-02    
     15.8300000              1.0068100E-01         -1.4328300E-02          4.1911000E-03    
      6.3340000              3.0732000E-03          5.0365070E-01         -2.0927520E-01    
      2.6940000              1.0373000E-03          5.5842340E-01         -4.0332470E-01    
      0.4313000              1.5200000E-04         -8.0500000E-03          7.2560820E-01    
Cl    S
      0.9768000              1.0000000        
Cl    S
      0.1625000              1.0000000        
Cl    P
    663.3000000              2.6741000E-03         -7.2530000E-04    
    156.8000000              1.9771500E-02         -5.3474000E-03    
     49.9800000              8.9499100E-02         -2.4976100E-02    
     18.4200000              2.5675020E-01         -7.3000500E-02    
      7.2400000              4.3663740E-01         -1.3389230E-01    
      2.9220000              3.4932060E-01         -9.4033400E-02    
      0.3818000             -4.5545000E-03          5.6404640E-01    
Cl    P
      1.0220000              1.0000000        
Cl    P
      0.1301000              1.0000000        
Cl    D
      4.6100000              1.0000000        
Cl    D
      1.0110000              1.0000000        
Cl    D
      0.3390000              1.0000000        
Cl    F
      0.7060000              1.0000000       