#
Dy    S
  25734.6320000              0.0005629              0.0010352              0.0004095        
   3883.4723000              0.0038360              0.0074903              0.0029796        
    886.6752800              0.0156882              0.0277542              0.0109388        
    246.9526600              0.0194126              0.0444375              0.0179255        
     24.5057020              0.8405154              0.4556909              0.1267795        
     17.5040730             -1.4848314             -0.7985737             -0.2161124        
      5.1112870              0.6290159              0.4916913              0.1423054        
      2.7049260              0.7748320              0.6277338              0.1663949        
      0.7076680              0.0456186             -0.8015329             -0.2831807        
      0.3184350             -0.0122163             -0.5133524             -0.3597354        
Dy    S
      0.0241800              1.0000000        
Dy    S
      0.0591980              1.0000000        
Dy    P
   1186.8750000              0.0009396             -0.0005168        
    282.2865100              0.0062667             -0.0030849        
     90.0592370              0.0160655             -0.0097817        
     26.4261940              0.1406696             -0.0474373        
     18.8758530             -0.2792975              0.1017002        
      5.7458870              0.5534647             -0.3343985        
      2.8008790              0.5255952             -0.2304609        
      1.0520190              0.0725404              0.3593389        
Dy    P
      0.1942180              1.0000000        
Dy    P
      0.4773290              1.0000000        
Dy    P
      0.0800000              1.0000000        
Dy    D
    447.9219400              0.0008644        
    135.3896600              0.0071207        
     51.8389100              0.0294385        
     22.4759890              0.0595650        
      8.5694030              0.2898370        
      4.2917440              0.4609141        
Dy    D
      0.8881410              1.0000000        
Dy    D
      2.0642770              1.0000000        
Dy    D
      0.3800000              1.0000000        
Dy    F
    135.8452400             -0.0045793        
     49.2480300             -0.0435096        
     22.1288810             -0.1449676        
     10.0904100             -0.2700443        
      4.6007390             -0.3498123        
      2.0313060             -0.3263018        
Dy    F
      0.2981470              1.0000000        
Dy    F
      0.8329300              1.0000000        
