#
Er    S
   3681.2327160              0.0023105              0.0016205              0.0004240        
    550.1113560              0.0100121              0.0070792              0.0018584        
     46.1355890             -0.1147891             -0.0323117             -0.0075544        
     30.7570600              0.9020113              0.3810697              0.0939820        
     20.5047060             -1.3843675             -0.6535510             -0.1630598        
      4.5120360              1.0292429              0.7547266              0.2007186        
      2.2002770              0.3458831              0.3999907              0.1089537        
      0.8958560              0.0115041             -0.7624953             -0.2388951        
      0.3801430             -0.0002652             -0.6340631             -0.4007524        
      0.0664790              0.0005771             -0.0494769              0.4034886        
Er    S
      0.0216620              1.0000000        
Er    S
      0.0443190              1.0000000        
Er    P
   1817.3023890              0.0006906             -0.0003937        
    433.8723000              0.0050165             -0.0025574        
    140.1999780              0.0161626             -0.0097092        
     44.8217270              0.0463275             -0.0202422        
     15.7038740             -0.2032972              0.0833318        
      6.9506630              0.4950100             -0.3034462        
      3.2975840              0.5957159             -0.2809445        
Er    P
      0.2247700              1.0000000        
Er    P
      0.5684650              1.0000000        
Er    P
      1.2682820              1.0000000        
Er    D
    470.6362190              0.0013219        
    142.5459810              0.0109011        
     54.9022810              0.0447308        
     23.3942190              0.1019561        
      9.2285830              0.2774933        
Er    D
      0.9185010              1.0000000        
Er    D
      2.1534080              1.0000000        
Er    D
      4.5292370              1.0000000        
Er    F
    150.2892920             -0.0041158        
     53.8477170             -0.0395507        
     24.1408280             -0.1464794        
     11.1088280             -0.2728879        
      5.0663900             -0.3504831        
      2.2281180             -0.3247201        
Er    F
      0.3192160              1.0000000        
Er    F
      0.9057710              1.0000000        
