#
Eu    S
   9690.5531000              0.0010812              0.0009699              0.0002873        
   1465.9717000              0.0071956              0.0060789              0.0017897        
    326.3855400              0.0178484              0.0171689              0.0051215        
     22.1103280              0.8154931              0.4177288              0.1118485        
     15.7321380             -1.4476349             -0.7582004             -0.2029848        
      4.4005180              0.6548957              0.4935072              0.1393967        
      2.4449630              0.7249839              0.6271692              0.1798886        
      0.6637980              0.1141644             -0.6404911             -0.2259135        
      0.4741410             -0.0828590             -0.2865687             -0.1438323        
      0.2688590              0.0174620             -0.3980377             -0.3052248        
Eu    S
      0.0230630              1.0000000        
Eu    S
      0.0565190              1.0000000        
Eu    P
    653.1930500              0.0010316             -0.0005147        
    151.6226400              0.0058429             -0.0028246        
     30.8041140              0.0585431             -0.0375749        
     21.8426940             -0.0005148              0.0403331        
     15.5072550             -0.2380455              0.0665244        
      5.1125800              0.5830325             -0.3237414        
      2.4792290              0.5187553             -0.2645098        
      0.9810020              0.0698497              0.3451163        
Eu    P
      0.1771100              1.0000000        
Eu    P
      0.4380940              1.0000000        
Eu    P
      0.0700000              1.0000000        
Eu    D
    322.2856600              0.0007906        
     97.3287440              0.0059671        
     37.0298830              0.0224388        
      8.8510670              0.1743289        
      5.0730460              0.3838155        
      2.7210140              0.3783027        
Eu    D
      0.6148500              1.0000000        
Eu    D
      1.3772310              1.0000000        
Eu    D
      0.2700000              1.0000000        
Eu    F
    117.0515600             -0.0042728        
     42.5891480             -0.0404256        
     19.0463360             -0.1336611        
      8.6871630             -0.2603962        
      3.9792550             -0.3489861        
      1.7728350             -0.3342335        
Eu    F
      0.2701950              1.0000000        
Eu    F
      0.7377760              1.0000000        
