#
Gd    S
   9364.7015000              0.0015216              0.0018398              0.0005977        
   1417.1278000              0.0100459              0.0114659              0.0037032        
    315.7711800              0.0227319              0.0297130              0.0097286        
     25.8454390              0.4459525              0.2468921              0.0684162        
     14.6940270             -1.1845604             -0.6641543             -0.1818592        
      6.6933660              0.4129552              0.3163824              0.0918403        
      2.9569530              1.0556048              0.8545795              0.2413432        
      0.6770020              0.1825692             -0.5681548             -0.1977461        
      0.4800410             -0.1440580             -0.4166728             -0.2165199        
      0.2575570              0.0316757             -0.3109374             -0.2527844        
Gd    S
      0.0241930              1.0000000        
Gd    S
      0.0600180              1.0000000        
Gd    P
    954.5526400              0.0007246             -0.0003846        
    227.3701200              0.0045735             -0.0020646        
     74.5106560              0.0089334             -0.0059083        
     25.5254910              0.1052913             -0.0332588        
     16.9709460             -0.2759738              0.1035061        
      5.2786850              0.5691774             -0.3291645        
      2.5663500              0.5259255             -0.2492531        
      0.9744450              0.0705544              0.3570243        
Gd    P
      0.1789240              1.0000000        
Gd    P
      0.4412310              1.0000000        
Gd    P
      0.0700000              1.0000000        
Gd    D
    330.8921200              0.0010046        
     99.7218050              0.0077017        
     37.5281760              0.0296398        
     12.4304560              0.0723546        
      6.5822410              0.3633933        
      3.3725040              0.4348542        
Gd    D
      0.7301640              1.0000000        
Gd    D
      1.6616870              1.0000000        
Gd    D
      0.3200000              1.0000000        
Gd    F
    122.4074100             -0.0044475        
     44.4847780             -0.0420330        
     19.9290370             -0.1387830        
      9.0875250             -0.2649617        
      4.1548000             -0.3494064        
      1.8445370             -0.3305594        
Gd    F
      0.2771450              1.0000000        
Gd    F
      0.7634050              1.0000000        
