#BASIS SET: (10s,9p,8d,2f,1g) -> [5s,5p,4d,2f,1g]
Hf    S
     26.5042000              0.0320170             -0.0092200             -0.0051870              0.0266200              0.0000000        
     16.5840000             -0.2583380              0.0766750              0.0780690             -0.0510920              0.0000000        
     10.3831000              0.7419580             -0.2256410             -0.2633410             -0.0133860              0.0000000        
      6.4955000             -0.5972460              0.1855680              0.1631730             -0.2493960              0.0000000        
      3.4643100             -0.4674330              0.1565490              0.4121450              1.1377230              0.0000000        
      0.9862000              0.7814380             -0.3114170             -0.9279190             -3.2919740              0.0000000        
      0.4578280              0.5337560             -0.3945230             -0.3552850              3.0952960              0.0000000        
      0.1321180              0.0363800              0.2034830              2.5901110              0.5233810              0.0000000        
      0.0669670             -0.0136480              0.6862960             -1.2877130             -2.9817690              0.0000000        
      0.0290100              0.0000000              0.0000000              0.0000000              0.0000000              1.0000000        
Hf    P
     15.2724000             -0.0249160              0.0066140              0.0094170              0.0190460              0.0000000        
      9.5703500              0.1349670             -0.0369260             -0.0530870             -0.1039530              0.0000000        
      5.0361800             -0.3145280              0.0887770              0.1282870              0.2510270              0.0000000        
      1.1521500              0.4766040             -0.1514170             -0.2170080             -0.5289630              0.0000000        
      0.5624010              0.4841910             -0.2041520             -0.3251220             -0.8006570              0.0000000        
      0.2742040              0.1844940             -0.0401350             -0.0046510              1.6510980              0.0000000        
      0.1205050              0.0186390              0.3663260              0.7343430              0.1195080              0.0000000        
      0.0528120              0.0015040              0.5626960              0.3849980             -0.9590230              0.0000000        
      0.0228910              0.0000000              0.0000000              0.0000000              0.0000000              1.0000000        
Hf    D
     11.9756000             -0.0014780              0.0012390             -0.0031330              0.0000000        
      7.4799800              0.0187080             -0.0202160              0.0334770              0.0000000        
      4.6738300             -0.0580870              0.0669450             -0.1038090              0.0000000        
      1.1750300              0.1823340             -0.2392560              0.4716820              0.0000000        
      0.5283500              0.3486640             -0.4736770              0.5191890              0.0000000        
      0.2277570              0.3933500             -0.0843030             -1.0917460              0.0000000        
      0.0941690              0.2772230              0.6333300              0.0084120              0.0000000        
      0.0366310              0.0000000              0.0000000              0.0000000              1.0000000        
Hf    F
      0.5521000              1.0000000              0.0000000        
      0.1605000              0.0000000              1.0000000        
Hf    G
      0.3579000              1.0000000  