Hf P
 2	    8.683462	     -202.093637
 2	    7.916920	      212.197761
 4	    9.379243	       -0.265292
 4	    8.244209	        0.453108
 2	    1.596686	        0.815828
 2	    1.710281	       -0.561817
Hf D                     
 2	    5.189557	      -43.115467
 2	    5.253229	       43.956488
 4	    5.937871	       -0.025912
 4	    5.712906	        0.022494
 2	    1.014856	        0.280579
 2	    0.473712	       -0.056566
Hf F                     
 2	    1.912608	       -3.207867
 2	    1.880740	        3.209287
Hf G                     
 2	    2.724180	        2.318292
 2	    2.708953	       -2.306915