#BASIS SET: (10s,9p,8d,2f,1g) -> [5s,5p,4d,2f,1g]
Hg    S
     98.3058000              0.0010330             -0.0003560             -0.0002170             -0.0020930              0.0000000        
     19.6406000             -0.1063820              0.0379090             -0.0440670              0.1557830              0.0000000        
     12.3397000              0.5320730             -0.2000130              0.2876950             -0.7951410              0.0000000        
      7.7478200             -0.5223240              0.2240930             -0.1894760              0.9970540              0.0000000        
      4.8629100             -0.5373210              0.1793740             -0.7807040              0.5928610              0.0000000        
      1.5771900              0.8847880             -0.4508330              2.1756040             -4.4071970              0.0000000        
      0.7529260              0.5138340             -0.3390550             -0.8865840              5.2898370              0.0000000        
      0.2351120              0.0294070              0.2934140             -1.8749170             -2.8866330              0.0000000        
      0.1039680             -0.0061590              0.6446280              1.2470530              0.3158740              0.0000000        
      0.0434000              0.0013840              0.2916260              0.3523510              0.8226100              1.0000000        
Hg    P
     21.4065000             -0.0128370              0.0026690              0.0061400              0.0130140              0.0000000        
     13.3929000              0.0865310             -0.0218770             -0.0480560             -0.0890970              0.0000000        
      6.5102100             -0.3080410              0.0865390              0.1891060              0.3480200              0.0000000        
      1.8222200              0.5327940             -0.1847680             -0.4381190             -1.2184470              0.0000000        
      0.9265070              0.4822070             -0.1773950             -0.4321930              0.1232280              0.0000000        
      0.4550820              0.1546950              0.0009770              0.4570570              1.6284380              0.0000000        
      0.1927600              0.0132010              0.3536030              0.6953570             -0.7824510              0.0000000        
      0.0786890              0.0005850              0.5435820              0.1420160             -0.5112540              0.0000000        
      0.0317290              0.0000200              0.2455390              0.0020300              0.0165110              1.0000000        
Hg    D
     86.9881000              0.0000580              0.0000500             -0.0000430              0.0000000        
     11.9913000              0.0127790              0.0192460              0.0337600              0.0000000        
      6.9364800             -0.0689630             -0.1034870             -0.1746100              0.0000000        
      2.0864100              0.2415630              0.4847690              1.2017020              0.0000000        
      1.0766400              0.3878580              0.5069510             -0.5030930              0.0000000        
      0.5311530              0.3454410             -0.3625720             -1.1299990              0.0000000        
      0.2488080              0.1915090             -0.5729800              0.7749310              0.0000000        
      0.1081700              0.0465020             -0.1666370              0.3655340              1.0000000        
Hg    F
      1.5814000              1.0000000              0.0000000        
      0.5423000              0.0000000              1.0000000        
Hg    G
      1.3737000              1.0000000