#
Ho    S
   3496.2941000              0.0028125              0.0021151              0.0005696        
    522.9699500              0.0121505              0.0092886              0.0025098        
     40.1607470             -0.1440516             -0.0271223             -0.0054720        
     28.6557470              1.0522325              0.4147136              0.1018468        
     19.9080630             -1.5036815             -0.6886076             -0.1728132        
      4.3176770              1.0426317              0.7444707              0.1995402        
      2.0012010              0.3678850              0.6662052              0.1893411        
      1.4283840             -0.0320218             -0.5314234             -0.1541791        
      0.6066260              0.0094934             -0.7970508             -0.3173322        
      0.2891630             -0.0015112             -0.3372802             -0.2764765        
Ho    S
      0.0250930              1.0000000        
Ho    S
      0.0628990              1.0000000        
Ho    P
   1646.6637000              0.0007082             -0.0004021        
    393.4933500              0.0050742             -0.0025579        
    127.6080000              0.0156757             -0.0094592        
     40.5574430              0.0482081             -0.0201573        
     15.6358790             -0.1994012              0.0806916        
      6.4768140              0.5038916             -0.3089520        
      3.1022130              0.5829971             -0.2714917        
      1.1828890              0.0929693              0.2959541        
Ho    P
      0.2130480              1.0000000        
Ho    P
      0.5346430              1.0000000        
Ho    P
      0.0800000              1.0000000        
Ho    D
    466.4836800              0.0010042        
    141.1103700              0.0083026        
     54.1856890              0.0343551        
     23.2740750              0.0754033        
      8.9525880              0.2822907        
      4.4557920              0.4582232        
Ho    D
      0.9140790              1.0000000        
Ho    D
      2.1331970              1.0000000        
Ho    D
      0.3900000              1.0000000        
Ho    F
    141.7361600             -0.0046612        
     51.3270880             -0.0441803        
     23.0626070             -0.1476235        
     10.5156520             -0.2725590        
      4.7893080             -0.3502228        
      2.1096210             -0.3243047        
Ho    F
      0.3062070              1.0000000        
Ho    F
      0.8614990              1.0000000        
