#BASIS SET: (12s,11p,9d,1f) -> [5s,4p,3d,1f]
I    S
      5.546500E+03           1.560000E-04          -7.300000E-05           0.000000E+00           0.000000E+00           0.000000E+00     
      8.382140E+02           9.860000E-04          -5.080000E-04           0.000000E+00           0.000000E+00           0.000000E+00     
      1.821870E+02           2.792000E-03          -1.158000E-03           0.000000E+00           0.000000E+00           0.000000E+00     
      3.121230E+01          -4.325100E-02           1.219300E-02           0.000000E+00           0.000000E+00           0.000000E+00     
      1.953140E+01           2.341340E-01          -8.785400E-02           0.000000E+00           0.000000E+00           0.000000E+00     
      8.240990E+00          -7.509430E-01           3.382000E-01           0.000000E+00           0.000000E+00           0.000000E+00     
      2.194550E+00           8.829680E-01          -5.765500E-01           0.000000E+00           0.000000E+00           0.000000E+00     
      1.109110E+00           4.620610E-01          -4.092980E-01           0.000000E+00           0.000000E+00           0.000000E+00     
      3.746410E-01           2.228600E-02           5.674590E-01           1.000000E+00           0.000000E+00           0.000000E+00     
      1.770800E-01          -4.353000E-03           6.124890E-01           0.000000E+00           1.000000E+00           0.000000E+00     
      8.106100E-02           1.102000E-03           1.432310E-01           0.000000E+00           0.000000E+00           0.000000E+00     
      1.001000E-01           0.000000E+00           0.000000E+00           0.000000E+00           0.000000E+00           1.000000E+00     
I    P
      1.889880E+02           5.850000E-04          -2.560000E-04           0.000000E+00           0.000000E+00     
      2.128680E+01           3.692300E-02          -1.168200E-02           0.000000E+00           0.000000E+00     
      1.003960E+01          -2.353240E-01           8.319200E-02           0.000000E+00           0.000000E+00     
      3.451800E+00           3.414830E-01          -1.569700E-01           0.000000E+00           0.000000E+00     
      1.974560E+00           5.347880E-01          -2.245180E-01           0.000000E+00           0.000000E+00     
      1.024200E+00           2.651410E-01          -1.144510E-01           0.000000E+00           0.000000E+00     
      4.494370E-01           2.578700E-02           3.753560E-01           0.000000E+00           0.000000E+00     
      1.866480E-01           5.220000E-04           5.751360E-01           0.000000E+00           0.000000E+00     
      7.348100E-02           6.060000E-04           2.459170E-01           0.000000E+00           0.000000E+00     
      5.981000E-01           0.000000E+00           0.000000E+00           1.000000E+00           0.000000E+00     
      9.618000E-02           0.000000E+00           0.000000E+00           0.000000E+00           1.000000E+00     
I    D
      1.326620E+02           5.720000E-04           0.000000E+00           0.000000E+00     
      3.760540E+01           4.402000E-03           0.000000E+00           0.000000E+00     
      1.038910E+01          -4.092200E-02           0.000000E+00           0.000000E+00     
      6.490170E+00           9.966100E-02           0.000000E+00           0.000000E+00     
      3.454510E+00           3.226630E-01           0.000000E+00           0.000000E+00     
      1.844130E+00           4.003430E-01           0.000000E+00           0.000000E+00     
      9.624780E-01           2.683060E-01           0.000000E+00           0.000000E+00     
      4.728530E-01           8.484700E-02           1.000000E+00           0.000000E+00     
      1.932000E-01           7.632000E-03           0.000000E+00           1.000000E+00     
I    F
      4.064000E-01           1.000000E+00