#DK3 cc polarized valence triple zeta
I s
 5.994467E+08  3.8312000E-05 -1.3299400E-05  5.9505800E-06 -2.6841800E-06  9.2794000E-07  0.0000000E+00  0.0000000E+00
 9.055635E+07  1.0453300E-04 -3.6282100E-05  1.6233300E-05 -7.3224500E-06  2.5313600E-06  0.0000000E+00  0.0000000E+00
 1.919947E+07  2.7160600E-04 -9.4301800E-05  4.2195300E-05 -1.9033600E-05  6.5801300E-06  0.0000000E+00  0.0000000E+00
 5.255505E+06  5.7364500E-04 -1.9933400E-04  8.9199800E-05 -4.0237100E-05  1.3909700E-05  0.0000000E+00  0.0000000E+00
 1.734341E+06  1.1166800E-03 -3.8860500E-04  1.7394500E-04 -7.8470200E-05  2.7129700E-05  0.0000000E+00  0.0000000E+00
 6.531015E+05  2.0419100E-03 -7.1227500E-04  3.1889700E-04 -1.4386500E-04  4.9730000E-05  0.0000000E+00  0.0000000E+00
 2.688926E+05  3.6790300E-03 -1.2878800E-03  5.7703000E-04 -2.6036600E-04  9.0033700E-05  0.0000000E+00  0.0000000E+00
 1.172339E+05  6.6293000E-03 -2.3332800E-03  1.0458700E-03 -4.7193300E-04  1.6310600E-04  0.0000000E+00  0.0000000E+00
 5.292129E+04  1.2178200E-02 -4.3212300E-03  1.9403300E-03 -8.7592200E-04  3.0300800E-04  0.0000000E+00  0.0000000E+00
 2.438048E+04  2.2894600E-02 -8.2296900E-03  3.6995300E-03 -1.6703700E-03  5.7716700E-04  0.0000000E+00  0.0000000E+00
 1.137444E+04  4.4005800E-02 -1.6152500E-02  7.2909900E-03 -3.2950300E-03  1.1405300E-03  0.0000000E+00  0.0000000E+00
 5.361031E+03  8.4857100E-02 -3.2288400E-02  1.4635300E-02 -6.6195100E-03  2.2871000E-03  0.0000000E+00  0.0000000E+00
 2.556631E+03  1.5679400E-01 -6.3609600E-02  2.9160900E-02 -1.3222000E-02  4.5820000E-03  0.0000000E+00  0.0000000E+00
 1.238741E+03  2.5353500E-01 -1.1575500E-01  5.3954700E-02 -2.4548700E-02  8.4847500E-03  0.0000000E+00  0.0000000E+00
 6.130568E+02  3.0690700E-01 -1.7189200E-01  8.3170100E-02 -3.8148800E-02  1.3274900E-02  0.0000000E+00  0.0000000E+00
 3.115099E+02  2.1848600E-01 -1.5288800E-01  7.7141500E-02 -3.5706800E-02  1.2296900E-02  0.0000000E+00  0.0000000E+00
 1.631053E+02  6.4357200E-02  5.5994100E-02 -3.6587000E-02  1.7708100E-02 -5.9246900E-03  0.0000000E+00  0.0000000E+00
 8.806397E+01  5.0813500E-03  3.9668800E-01 -3.0266000E-01  1.5362100E-01 -5.5068100E-02  0.0000000E+00  0.0000000E+00
 4.885512E+01  6.9916700E-05  4.7094500E-01 -4.7405700E-01  2.5464900E-01 -8.9583000E-02  0.0000000E+00  0.0000000E+00
 2.759266E+01  1.5892100E-04  2.1161900E-01 -2.1434100E-01  1.2640500E-01 -4.9790600E-02  0.0000000E+00  0.0000000E+00
 1.560933E+01 -2.0669300E-04  3.1055800E-02  4.7184800E-01 -3.5428600E-01  1.4250800E-01  0.0000000E+00  0.0000000E+00
 8.629135E+00  8.5386700E-05  1.2598800E-03  7.1650000E-01 -8.3533700E-01  3.4259600E-01  0.0000000E+00  0.0000000E+00
 4.503823E+00 -5.2976900E-05  6.2218400E-05  2.0072700E-01 -8.6494900E-02  2.9200800E-02  0.0000000E+00  0.0000000E+00
 2.346097E+00  3.2416800E-05 -2.3067700E-04  5.0667500E-03  8.6172700E-01 -5.1310500E-01  0.0000000E+00  0.0000000E+00
 1.179513E+00 -1.0997100E-05  3.2992600E-06  2.9069500E-03  5.3171700E-01 -4.9788700E-01  0.0000000E+00  0.0000000E+00
 4.159963E-01  4.3799900E-06 -9.2976900E-06 -6.1863100E-04  3.2684700E-02  4.4715300E-01  1.0000000E+00  0.0000000E+00
 2.048764E-01 -2.6477400E-06  8.7434000E-06  2.9319000E-04 -6.6331300E-03  6.5099700E-01  0.0000000E+00  0.0000000E+00
 9.550402E-02  6.8294900E-07 -1.4590500E-06 -9.4488500E-05  1.6510300E-03  2.3324000E-01  0.0000000E+00  1.0000000E+00
I p
 4.232731E+06  1.4600700E-05 -6.8487500E-06  2.9917700E-06 -8.8267300E-07  0.0000000E+00  0.0000000E+00
 6.683170E+05  5.0137400E-05 -2.3536300E-05  1.0282700E-05 -3.0332800E-06  0.0000000E+00  0.0000000E+00
 1.434042E+05  1.7184200E-04 -8.0799900E-05  3.5314500E-05 -1.0422300E-05  0.0000000E+00  0.0000000E+00
 3.900861E+04  5.4962600E-04 -2.5887300E-04  1.1316300E-04 -3.3371000E-05  0.0000000E+00  0.0000000E+00
 1.271633E+04  1.7483400E-03 -8.2694100E-04  3.6188100E-04 -1.0688700E-04  0.0000000E+00  0.0000000E+00
 4.751625E+03  5.5155200E-03 -2.6198900E-03  1.1470500E-03 -3.3813200E-04  0.0000000E+00  0.0000000E+00
 1.966439E+03  1.6922400E-02 -8.1301100E-03  3.5692500E-03 -1.0554200E-03  0.0000000E+00  0.0000000E+00
 8.783574E+02  4.8330800E-02 -2.3603600E-02  1.0391100E-02 -3.0644600E-03  0.0000000E+00  0.0000000E+00
 4.155601E+02  1.2062900E-01 -6.0999100E-02  2.7060700E-02 -8.0203600E-03  0.0000000E+00  0.0000000E+00
 2.054585E+02  2.4071200E-01 -1.2725100E-01  5.6937600E-02 -1.6821400E-02  0.0000000E+00  0.0000000E+00
 1.051346E+02  3.4360500E-01 -1.9264400E-01  8.7555500E-02 -2.6125400E-02  0.0000000E+00  0.0000000E+00
 5.526625E+01  2.8749600E-01 -1.3006600E-01  5.4434300E-02 -1.5619500E-02  0.0000000E+00  0.0000000E+00
 2.964139E+01  1.1090900E-01  1.4535600E-01 -9.5296800E-02  2.9231300E-02  0.0000000E+00  0.0000000E+00
 1.609432E+01  1.4893100E-02  4.6202600E-01 -3.0624000E-01  9.8720000E-02  0.0000000E+00  0.0000000E+00
 8.755589E+00  5.5488500E-04  4.1345000E-01 -2.9542100E-01  9.0983700E-02  0.0000000E+00  0.0000000E+00
 4.703722E+00  1.2592800E-05  1.1571000E-01  2.0993400E-01 -8.7189000E-02  0.0000000E+00  0.0000000E+00
 2.398238E+00 -1.3198000E-04  9.7477400E-03  6.0115700E-01 -2.6051500E-01  0.0000000E+00  0.0000000E+00
 1.202481E+00  9.7669300E-07  1.1527500E-04  3.7128900E-01 -1.6886700E-01  0.0000000E+00  0.0000000E+00
 5.258532E-01 -1.2076200E-05  2.2173900E-04  4.7916100E-02  2.4443400E-01  1.0000000E+00  0.0000000E+00
 2.395947E-01  5.5208700E-06 -1.2512000E-04 -5.4151300E-04  5.5699600E-01  0.0000000E+00  0.0000000E+00
 9.337968E-02 -5.3429600E-07  1.1431400E-05  1.2412100E-03  3.8939500E-01  0.0000000E+00  1.0000000E+00
I d
 5.155846E+03  1.1994300E-04 -4.9259100E-05  0.0000000E+00  0.0000000E+00
 1.436061E+03  9.8053100E-04 -4.0404300E-04  0.0000000E+00  0.0000000E+00
 5.251996E+02  5.8127700E-03 -2.4017500E-03  0.0000000E+00  0.0000000E+00
 2.262777E+02  2.4536300E-02 -1.0219000E-02  0.0000000E+00  0.0000000E+00
 1.070533E+02  7.8192700E-02 -3.2922700E-02  0.0000000E+00  0.0000000E+00
 5.336688E+01  1.8788200E-01 -8.0382400E-02  0.0000000E+00  0.0000000E+00
 2.743701E+01  3.1617700E-01 -1.3237200E-01  0.0000000E+00  0.0000000E+00
 1.439100E+01  3.5223500E-01 -1.3353900E-01  0.0000000E+00  0.0000000E+00
 7.628801E+00  2.1129700E-01  2.5399000E-02  0.0000000E+00  0.0000000E+00
 3.984593E+00  5.3044000E-02  3.0190300E-01  0.0000000E+00  0.0000000E+00
 2.020789E+00  3.4957400E-03  4.3982500E-01  0.0000000E+00  0.0000000E+00
 9.988940E-01  1.5737000E-04  3.0230300E-01  0.0000000E+00  0.0000000E+00
 4.673054E-01 -6.7452700E-05  8.6304500E-02  1.0000000E+00  0.0000000E+00
 1.922218E-01  3.5704200E-07  6.8327300E-03  0.0000000E+00  1.0000000E+00
I f
 4.062113E-01  1.0000000E+00    
