#BASIS SET: (10s,9p,8d,2f,1g) -> [5s,5p,4d,2f,1g]
Ir    S
     34.2048000              0.0173300             -0.0060010              0.0057000             -0.0001450              0.0000000        
     21.3768000             -0.1532030              0.0538850              0.0186860              0.0001550              0.0000000        
     13.3624000              0.4419330             -0.1606020             -0.1098820              0.0004580              0.0000000        
      8.3483500             -0.1886920              0.0803950             -0.1262300              0.0027310              0.0000000        
      4.7316300             -0.7122250              0.2575940              0.7876390             -0.0111600              0.0000000        
      1.3078500              0.8529050             -0.4237510             -1.7027670              0.0322630              0.0000000        
      0.6243340              0.4997460             -0.3483540              0.4383340             -0.0309800              0.0000000        
      0.1938710              0.0352490              0.2800310              2.1004080             -0.0019260              0.0000000        
      0.0879490             -0.0070780              0.6545570             -1.2318660              0.0244470              0.0000000        
      0.0375390              0.0000000              0.0000000              0.0000000              0.0000000              1.0000000        
Ir    P
     20.7204000             -0.0132020              0.0035200              0.0068620              0.0121460              0.0000000        
     12.9677000              0.0739520             -0.0215200             -0.0422290             -0.0723020              0.0000000        
      5.7222400             -0.2843120              0.0890920              0.1771470              0.3121050              0.0000000        
      1.5503800              0.5102230             -0.1924180             -0.4201130             -1.1249840              0.0000000        
      0.7826600              0.4795020             -0.2089670             -0.4381970              0.0092840              0.0000000        
      0.3855150              0.1697720              0.0046730              0.4034530              1.6533010              0.0000000        
      0.1706090              0.0166680              0.3828460              0.7048150             -0.6527860              0.0000000        
      0.0728290              0.0012420              0.5399630              0.1692730             -0.6166420              0.0000000        
      0.0305710              0.0000000              0.0000000              0.0000000              0.0000000              1.0000000        
Ir    D
     91.4125000              0.0000240             -0.0000130             -0.0000080              0.0000000        
      9.7301300              0.0152170             -0.0183130              0.0306140              0.0000000        
      6.0771200             -0.0657240              0.0780220             -0.1301790              0.0000000        
      1.6882000              0.2340050             -0.3254460              0.7766970              0.0000000        
      0.8237860              0.3845350             -0.4793950              0.1046450              0.0000000        
      0.3820680              0.3558490              0.1391480             -1.0602650              0.0000000        
      0.1669650              0.2119760              0.5831340              0.1697160              0.0000000        
      0.0672310              0.0000000              0.0000000              0.0000000              1.0000000        
Ir    F
      1.1759000              1.0000000              0.0000000        
      0.3847000              0.0000000              1.0000000        
Ir    G
      0.9577000              1.0000000