#
Nd    S
   6051.8923000              0.0002765             -0.0001525              0.0000427        
    912.4648700              0.0016389             -0.0009747              0.0002733        
    176.9638800              0.0047031             -0.0022284              0.0006199        
     38.7271240             -0.1985919              0.0821798             -0.0222526        
     27.6622320              0.5842853             -0.2599754              0.0708175        
     13.1858780             -1.0124216              0.5092706             -0.1406682        
      3.3085050              0.9901076             -0.7351603              0.2162590        
      1.6823660              0.4011777             -0.4634258              0.1433945        
      0.6450000              0.0169766              0.7970927             -0.2996292        
      0.2828220             -0.0014919              0.6151244             -0.4214948        
Nd    S
      0.0216880              1.0000000        
Nd    S
      0.0519220              1.0000000        
Nd    P
    651.6898600              0.0600000             -0.0004320        
    152.6745800             -0.0003917             -0.0001679        
     25.7209520             -0.0021433             -0.0011275        
     12.6525050             -0.0625062             -0.0260260        
      9.0166860              0.4201090              0.2001852        
      3.8439910             -0.2219939             -0.1332287        
      1.9018100             -0.6589373             -0.3519744        
Nd    P
      0.1491340              1.0000000        
Nd    P
      0.3660680              1.0000000        
Nd    P
      0.8270980              1.0000000        
Nd    D
     60.1918610              0.0081879        
     10.4946770             -0.0827988        
      7.4961680              0.3174546        
      3.6361520              0.4700902        
      1.8484590              0.3160003        
Nd    D
      0.1209520              1.0000000        
Nd    D
      0.4161820              1.0000000        
Nd    D
      0.9237120              1.0000000        
Nd    F
     76.0894420             -0.0081017        
     28.4719080             -0.0608225        
     12.2526160             -0.1676429        
      5.5174940             -0.2927553        
      2.5074670             -0.3515757        
      1.1195130             -0.3052362        
Nd    F
      0.4734150              1.0000000        
Nd    F
      0.1789630              1.0000000        
