#  (14s)/[6s] for Np ECP60MWB
Np S 
12608.7120000  0.000283 -0.000355  0.000167 -0.000566 -0.000750 -0.001697
 1860.7357000  0.002197 -0.002818  0.001329 -0.004466 -0.005789 -0.013396
  362.9014700  0.007792 -0.009411  0.004419 -0.015248 -0.020977 -0.045771
  109.2067200 -0.006711 -0.001626  0.001160  0.000207  0.014123 -0.001187
   63.7434260  0.060657 -0.021615  0.007854 -0.039212 -0.101850 -0.099437
   37.2488640 -0.256338  0.107688 -0.040229  0.141605  0.275042  0.313062
   21.6917530  0.728259 -0.365024  0.141229 -0.421420 -0.618707 -0.910456
   10.5354930 -1.282442  0.753866 -0.298892  0.870823  1.150928  2.048347
    2.9743190  1.069311 -1.026587  0.430223 -1.692433 -3.055236 -7.654211
    1.5975970  0.431019 -0.388399  0.188275  0.215711  2.740461 10.896118
    0.6358520  0.019907  0.903622 -0.543015  2.788931  0.731557 -8.457993
    0.2881220 -0.001375  0.491189 -0.399317 -2.242005 -2.259628  4.679690
    0.0590980  0.000138  0.079647  0.773238 -0.534711  2.713258 -1.833272
    0.0240410 -0.000254  0.034590  0.431085  0.981160 -1.946334  0.968642
Np P 
 2910.4057000  0.000074 -0.000050  0.000041 -0.000056  0.000071  0.000177
  702.6976100  0.000571 -0.000357  0.000319 -0.000581  0.001368  0.000774
  225.0786100  0.002833 -0.001962  0.001581 -0.002145  0.002538  0.007071
   81.0763820  0.007889 -0.004826  0.004426 -0.008539  0.021809  0.008500
   25.4817050  0.016924 -0.018503  0.013105 -0.008050 -0.034716  0.122498
   14.9892380  0.078423 -0.012976  0.017707 -0.064695  0.253922 -0.231971
    8.7634560 -0.379135  0.176745 -0.162078  0.316591 -0.781878 -0.114067
    3.6275340  0.599316 -0.454712  0.450449 -0.953170  2.744054  2.314504
    1.8062750  0.585818 -0.309977  0.211931  0.136397 -3.097691 -3.621335
    0.6853270  0.068463  0.550509 -0.977736  1.744632  1.384407  3.627015
    0.2939420 -0.006641  0.592908  0.117858 -2.017291  0.217493 -3.108915
    0.1030860  0.002437  0.089135  0.829603  0.587087 -1.123741  1.990453
    0.0308800 -0.000613 -0.002985  0.194091  0.510616  0.959543 -1.010203
Np D 
  466.3282000  0.000053 -0.000042  0.000123 -0.000074  0.000036
  160.0231800  0.000378 -0.000019 -0.000232  0.001020 -0.001497
   60.9150000  0.001967 -0.001193  0.003035 -0.000414 -0.001560
   18.4003070  0.026101 -0.005670  0.002490  0.040781 -0.065881
   10.8237100 -0.088883  0.024153 -0.027424 -0.122611  0.234264
    3.7149000  0.450510 -0.174563  0.273493  0.779360 -2.230183
    1.8343810  0.514864 -0.212309  0.522366 -0.217535  3.338689
    0.8178830  0.165513  0.223143 -1.046262 -1.043371 -2.228505
    0.2716130  0.005948  0.625237 -0.087927  1.373307  1.001273
    0.0835950 -0.000023  0.393925  0.756590 -0.882781 -0.411698
Np F 
  110.5329600  0.000259 -0.000345  0.000807 -0.000034
   36.9281390  0.002616 -0.002481  0.002007  0.008155
   15.1558070  0.011226 -0.013651  0.026574  0.006608
    4.9877490  0.135563 -0.153312  0.221980  0.405264
    2.4414710  0.343223 -0.376542  0.665811  0.433415
    1.1048580  0.409948 -0.188029 -0.702678 -1.551287
    0.4554700  0.302576  0.481572 -0.442646  1.569058
    0.1617190  0.126175  0.565172  0.786858 -0.824059
Np G 
  110.5329600  0.000164  0.001487 -0.001131
   36.9281390  0.002792 -0.000941  0.024975
   15.1558070  0.027455  0.096459  0.061206
    4.9877490  0.145211  0.212554  1.249734
    2.4414710  0.131272  0.904545 -1.493039
    1.1048500  0.756650 -0.875102  0.624891