# Douglas-Kroll cc-pVTZ basis set for Np
Np s
 5.693839E+07  2.0317600E-03 -1.0979700E-03 -8.2959100E-04 -1.2776100E-04  1.1776000E-04 -5.3087600E-05  2.3429400E-05  4.4765900E-05 -5.7819800E-05 -7.4132100E-05  0.0000000E+00
 1.515626E+07  1.7553900E-03 -9.4816500E-04 -7.1622400E-04 -1.1029000E-04  1.0166100E-04 -4.5830100E-05  2.0226600E-05  3.8651000E-05 -4.9920300E-05 -6.4037300E-05  0.0000000E+00
 5.183360E+06  5.0757800E-03 -2.7451000E-03 -2.0752900E-03 -3.1974400E-04  2.9466800E-04 -1.3283900E-04  5.8626400E-05  1.1200700E-04 -1.4467200E-04 -1.8542700E-04  0.0000000E+00
 1.970362E+06  6.2160100E-03 -3.3671500E-03 -2.5483400E-03 -3.9293900E-04  3.6202200E-04 -1.6320500E-04  7.2029500E-05  1.3766300E-04 -1.7779600E-04 -2.2822400E-04  0.0000000E+00
 8.221363E+05  1.2224400E-02 -6.6422500E-03 -5.0371800E-03 -7.7777700E-04  7.1621300E-04 -3.2287700E-04  1.4249500E-04  2.7217000E-04 -3.5156800E-04 -4.5013000E-04  0.0000000E+00
 3.640366E+05  1.6517400E-02 -9.0206900E-03 -6.8637400E-03 -1.0622200E-03  9.7737100E-04 -4.4062600E-04  1.9447200E-04  3.7187000E-04 -4.8023400E-04 -6.1774000E-04  0.0000000E+00
 1.701009E+05  2.7967100E-02 -1.5375900E-02 -1.1750600E-02 -1.8240300E-03  1.6764200E-03 -7.5574500E-04  3.3351900E-04  6.3651600E-04 -8.2238600E-04 -1.0493800E-03  0.0000000E+00
 8.270438E+04  3.8971700E-02 -2.1664200E-02 -1.6673900E-02 -2.6005900E-03  2.3862600E-03 -1.0758600E-03  4.7487700E-04  9.0939200E-04 -1.1740400E-03 -1.5193000E-03  0.0000000E+00
 4.161797E+04  6.1286500E-02 -3.4546300E-02 -2.6829100E-02 -4.2109400E-03  3.8546200E-03 -1.7376700E-03  7.6676500E-04  1.4602100E-03 -1.8877000E-03 -2.3867400E-03  0.0000000E+00
 2.148938E+04  8.5837200E-02 -4.9483500E-02 -3.8969500E-02 -6.1742400E-03  5.6342100E-03 -2.5406100E-03  1.1216600E-03  2.1552700E-03 -2.7805100E-03 -3.6487500E-03  0.0000000E+00
 1.133043E+04  1.2622200E-01 -7.4943700E-02 -6.0122600E-02 -9.6505400E-03  8.7624500E-03 -3.9499500E-03  1.7424300E-03  3.3025400E-03 -4.2748900E-03 -5.2933400E-03  0.0000000E+00
 6.073087E+03  1.6528100E-01 -1.0278000E-01 -8.4745900E-02 -1.3862200E-02  1.2510700E-02 -5.6433600E-03  2.4928700E-03  4.8251600E-03 -6.2152200E-03 -8.4019600E-03  0.0000000E+00
 3.302453E+03  2.0256900E-01 -1.3346800E-01 -1.1388100E-01 -1.9088600E-02  1.7064100E-02 -7.6909200E-03  3.3897300E-03  6.3464200E-03 -8.2420600E-03 -9.6401300E-03  0.0000000E+00
 1.819049E+03  1.9265300E-01 -1.3347600E-01 -1.1690200E-01 -1.9941200E-02  1.7753600E-02 -8.0169600E-03  3.5494000E-03  7.0684400E-03 -9.0459900E-03 -1.3626500E-02  0.0000000E+00
 1.013483E+03  1.3704900E-01 -7.1638300E-02 -4.8573000E-02 -6.0784900E-03  6.0296700E-03 -2.6915800E-03  1.1635000E-03  1.6192900E-03 -2.2651300E-03  1.4039800E-03  0.0000000E+00
 5.692247E+02  6.8267100E-02  8.2342800E-02  1.6949700E-01  4.6363000E-02 -3.5794900E-02  1.6161200E-02 -7.0869600E-03 -1.2318800E-02  1.6384800E-02  1.2119200E-02  0.0000000E+00
 3.254532E+02  6.1144600E-02  2.2575700E-01  4.9067700E-01  1.4856400E-01 -1.1292100E-01  5.1335100E-02 -2.2800200E-02 -4.6392000E-02  5.9400000E-02  9.6061200E-02  0.0000000E+00
 1.883182E+02  5.0554100E-02  2.0951700E-01  6.0867000E-01  2.1442400E-01 -1.5780900E-01  7.1621200E-02 -3.1435800E-02 -5.5011800E-02  7.3259500E-02  5.5815100E-02  0.0000000E+00
 1.100729E+02  2.9434800E-02  1.2558000E-01  1.7361600E-01  4.1995400E-02 -3.6552300E-02  1.7221900E-02 -8.1093700E-03 -2.6325500E-02  3.0624800E-02  1.1870500E-01  0.0000000E+00
 6.524505E+01  2.8033800E-02  2.1922500E-01 -5.6885900E-01 -5.1048200E-01  3.6959500E-01 -1.7506400E-01  7.8857600E-02  1.7447600E-01 -2.2454000E-01 -4.5792700E-01  0.0000000E+00
 3.907890E+01  2.9467900E-02  2.1900100E-01 -6.7438900E-01 -7.5013500E-01  5.4543400E-01 -2.5734700E-01  1.1295300E-01  1.8580900E-01 -2.6221700E-01 -8.0499400E-02  0.0000000E+00
 2.332800E+01  8.9434600E-03  7.6902000E-02 -2.0706000E-01 -5.4961100E-02  4.0051700E-02 -2.4351200E-02  1.4079000E-02  8.1958100E-02 -6.7890600E-02 -5.1407100E-01  0.0000000E+00
 1.371394E+01  2.8313000E-03  5.2449200E-03  9.1329400E-02  8.0023600E-01 -8.6488200E-01  4.7941800E-01 -2.2442900E-01 -5.6737600E-01  7.4937800E-01  1.9757900E+00  0.0000000E+00
 8.286836E+00  1.5515600E-04 -2.5418400E-04  7.8751600E-02  5.6477800E-01 -9.2691500E-01  5.4898700E-01 -2.4530700E-01 -3.2932500E-01  5.1179800E-01 -9.5714600E-01  0.0000000E+00
 5.097347E+00  5.6058300E-04 -4.1281300E-04  1.6083900E-02  1.2546100E-01  2.2254800E-01 -1.9711100E-01  8.3347100E-02 -2.2447900E-02 -1.6393000E-01  1.9338200E+00  0.0000000E+00
 2.901863E+00 -1.6041000E-04  4.3089500E-04  1.0518800E-03  2.8523100E-02  9.2641900E-01 -8.7510500E-01  4.5424700E-01  1.4658900E+00 -2.3557900E+00 -8.3807300E+00  0.0000000E+00
 1.659528E+00  1.2269600E-04  6.1940900E-05 -3.8152900E-04  8.2849900E-03  4.2893700E-01 -5.4435200E-01  2.6795400E-01  2.6874100E-01  1.2775000E-01  1.0103000E+01  0.0000000E+00
 8.787176E-01 -4.6602000E-05  5.4090900E-05  7.5480200E-05  1.1513800E-03  5.9168200E-02  4.3784400E-01 -2.5148300E-01 -1.7081400E+00  4.9268800E+00 -2.1675200E+00  0.0000000E+00
 4.656898E-01  2.2464600E-05 -1.3137100E-05 -3.5442100E-05 -3.1921700E-04  2.9272000E-02  7.1913500E-01 -5.6226100E-01 -9.3312300E-01 -4.0965100E+00 -5.9260900E+00  0.0000000E+00
 2.378466E-01 -7.5398900E-06  7.1228300E-06  1.7680000E-05  2.8963700E-05  1.0283200E-02  2.3392100E-01 -2.8190000E-01  1.7198600E+00 -4.0961500E-01  6.0832900E+00  0.0000000E+00
 7.518033E-02  2.5297100E-06 -1.8361000E-06 -4.5529000E-06 -4.4877900E-05  1.3092800E-03  8.3423400E-02  4.4392000E-01  8.9066900E-01  2.6204400E+00 -2.6898000E+00  0.0000000E+00
 3.704138E-02 -1.6004000E-06  1.2738200E-06  3.3017000E-06 -1.5820200E-05  1.2640100E-03  9.6967000E-02  5.9974500E-01 -9.7645800E-01 -1.2285400E+00  1.4911800E-01  0.0000000E+00
 1.770715E-02  4.5169300E-07 -3.2357800E-07 -7.7395300E-07 -1.2580200E-05  4.1032000E-04  3.0081600E-02  1.7852500E-01 -2.9343400E-01 -4.8620700E-01  8.6582600E-01  1.0000000E+00
Np p
 5.371476E+07  2.0621200E-05 -2.4939400E-05  2.5250400E-06 -3.5431300E-06  1.5882500E-06  3.7402400E-07 -1.0934500E-06 -1.7628400E-06 -2.5140100E-06  0.0000000E+00
 1.593856E+07  2.4740500E-05 -2.9944700E-05  3.0370300E-06 -4.2570100E-06  1.9081900E-06 -4.4936800E-07 -1.3138300E-06 -2.1176000E-06 -3.0088000E-06  0.0000000E+00
 5.091126E+06  7.3913600E-05 -8.9506100E-05  9.0873900E-06 -1.2729100E-05  5.7059900E-06 -1.3437300E-06 -3.9282600E-06 -6.3337500E-06 -9.0447300E-06  0.0000000E+00
 1.741235E+06  1.4013300E-04 -1.6992100E-04  1.7301200E-05 -2.4191200E-05  1.0843300E-05 -2.5535600E-06 -7.4661500E-06 -1.2032700E-05 -1.7074300E-05  0.0000000E+00
 6.286309E+05  3.1535800E-04 -3.8301200E-04  3.9136000E-05 -5.4599100E-05  2.4474800E-05 -5.7637200E-06 -1.6848700E-05 -2.7172200E-05 -3.8912200E-05  0.0000000E+00
 2.376715E+05  6.6312800E-04 -8.0737000E-04  8.2927900E-05 -1.1531700E-04  5.1686000E-05 -1.2171900E-05 -3.5592200E-05 -5.7347000E-05 -8.1063000E-05  0.0000000E+00
 9.364772E+04  1.4730500E-03 -1.7996700E-03  1.8622800E-04 -2.5775200E-04  1.1554100E-04 -2.7209700E-05 -7.9531500E-05 -1.2831700E-04 -1.8478700E-04  0.0000000E+00
 3.837679E+04  3.3038200E-03 -4.0555200E-03  4.2388400E-04 -5.8306900E-04  2.6130600E-04 -6.1538200E-05 -1.7997800E-04 -2.8986100E-04 -4.0690200E-04  0.0000000E+00
 1.635917E+04  7.6453800E-03 -9.4509700E-03  1.0022900E-03 -1.3661100E-03  6.1236100E-04 -1.4421500E-04 -4.2145700E-04 -6.8043700E-04 -9.8819900E-04  0.0000000E+00
 7.263996E+03  1.7824900E-02 -2.2263300E-02  2.4121900E-03 -3.2453100E-03  1.4541500E-03 -3.4246600E-04 -1.0018600E-03 -1.6126700E-03 -2.2428200E-03  0.0000000E+00
 3.361963E+03  4.1024500E-02 -5.2096600E-02  5.8313500E-03 -7.6889800E-03  3.4462500E-03 -8.1167500E-04 -2.3716500E-03 -3.8323600E-03 -5.6248100E-03  0.0000000E+00
 1.619542E+03  8.8149200E-02 -1.1485100E-01  1.3506700E-02 -1.7298100E-02  7.7482900E-03 -1.8249600E-03 -5.3410100E-03 -8.5923500E-03 -1.1801000E-02  0.0000000E+00
 8.085396E+02  1.6345900E-01 -2.2083200E-01  2.7690300E-02 -3.4144700E-02  1.5301600E-02 -3.6045400E-03 -1.0528400E-02 -1.7042900E-02 -2.5542500E-02  0.0000000E+00
 4.161859E+02  2.3131000E-01 -3.2230900E-01  4.2666300E-02 -5.1074300E-02  2.2863200E-02 -5.3856500E-03 -1.5782600E-02 -2.5311900E-02 -3.2970700E-02  0.0000000E+00
 2.203308E+02  2.2099200E-01 -2.4593600E-01  1.6767100E-02 -3.0244800E-02  1.3576000E-02 -3.1948600E-03 -9.2585700E-03 -1.5267200E-02 -2.9340600E-02  0.0000000E+00
 1.193112E+02  1.7636300E-01  1.2973500E-01 -1.1601300E-01  7.5154200E-02 -3.3878600E-02  8.0154600E-03  2.3357500E-02  3.8944200E-02  7.5110900E-02  0.0000000E+00
 6.618472E+01  1.9269600E-01  5.2506100E-01 -3.1888600E-01  2.2796500E-01 -1.0279500E-01  2.4322500E-02  7.1920600E-02  1.1569300E-01  1.3101500E-01  0.0000000E+00
 3.714685E+01  1.4270500E-01  4.1555200E-01 -1.9894800E-01  1.3616400E-01 -6.0722000E-02  1.4328300E-02  4.0989200E-02  6.9154300E-02  1.7350000E-01  0.0000000E+00
 2.065714E+01  3.6617500E-02  2.3960900E-02  3.5015000E-01 -2.6789900E-01  1.2968300E-01 -3.1210700E-02 -9.1844000E-02 -1.6441500E-01 -4.2000600E-01  0.0000000E+00
 1.159310E+01 -4.8181700E-04 -1.3277200E-01  6.1930800E-01 -5.7270000E-01  2.8506600E-01 -6.8781700E-02 -2.0797100E-01 -3.3513500E-01 -2.3057600E-01  0.0000000E+00
 6.463629E+00 -8.8485200E-04 -5.6932900E-02  2.6309600E-01 -7.6740000E-02  1.3348800E-02 -2.4379500E-03  5.3697600E-03  1.6767500E-02 -3.5660400E-01  0.0000000E+00
 3.529140E+00 -2.9153100E-05 -3.4208100E-03  2.7055000E-02  6.2887800E-01 -4.3438900E-01  1.1189300E-01  3.3245400E-01  6.6105400E-01  2.2374100E+00  0.0000000E+00
 1.890684E+00  1.6867700E-04  2.3304400E-03  1.3067600E-03  5.0346000E-01 -3.7767700E-01  1.0020700E-01  3.7185000E-01  5.9185400E-01 -1.3783300E+00  0.0000000E+00
 9.448090E-01  1.6252300E-05  4.1210400E-04 -1.3469000E-04  1.0580700E-01  2.3836400E-01 -8.2185100E-02 -5.6518000E-01 -1.8466000E+00 -2.2814100E+00  0.0000000E+00
 4.762230E-01  1.0383900E-05  8.9005400E-05  1.5303300E-04  2.2531500E-02  5.9849700E-01 -2.0890000E-01 -5.7350000E-01  1.4929000E-01  4.0875100E+00  0.0000000E+00
 2.324150E-01 -1.2628000E-06  1.4773500E-05  1.2369200E-05  1.4481300E-02  3.6145500E-01 -1.7936100E-01  2.6858500E-01  1.5606900E+00 -2.3085000E+00  0.0000000E+00
 9.850400E-02  1.3975000E-06  7.6536300E-06  2.8608100E-05  1.4464800E-03  5.5230400E-02  1.8981400E-01  6.9146900E-01 -6.1060400E-01 -2.3320600E-01  0.0000000E+00
 4.273600E-02 -5.6223700E-07 -2.4240200E-06 -7.7005500E-06  1.5689000E-04 -7.1118800E-04  6.2906300E-01  2.5591400E-01 -5.3219800E-01  8.1451800E-01  0.0000000E+00
 1.812600E-02  1.6280000E-07  6.9267100E-07  2.5419800E-06 -2.1798900E-05  1.0157900E-03  3.4276900E-01  2.7001400E-03  7.7129700E-03 -2.7928900E-02  1.0000000E+00
Np d
 1.153272E+05  2.2373000E-05 -7.9560800E-06  5.1075500E-06 -1.4209600E-06 -2.5269700E-06  3.2129200E-06  3.7244800E-06  0.0000000E+00
 2.711983E+04  1.3859000E-04 -4.9313500E-05  3.1607900E-05 -8.7964600E-06 -1.5575100E-05  1.7124600E-05  1.8294300E-05  0.0000000E+00
 8.773018E+03  6.9441100E-04 -2.4847200E-04  1.5941800E-04 -4.4352500E-05 -7.8965400E-05  1.0406600E-04  1.2270300E-04  0.0000000E+00
 3.396489E+03  3.0436400E-03 -1.0924300E-03  6.9915500E-04 -1.9462900E-04 -3.4438600E-04  3.7151000E-04  3.9248800E-04  0.0000000E+00
 1.483915E+03  1.1767800E-02 -4.2699400E-03  2.7338300E-03 -7.6082700E-04 -1.3547600E-03  1.7884800E-03  2.1054800E-03  0.0000000E+00
 7.056978E+02  3.9021900E-02 -1.4312800E-02  9.1306600E-03 -2.5431800E-03 -4.4999400E-03  4.8597900E-03  5.1441300E-03  0.0000000E+00
 3.562470E+02  1.0738600E-01 -4.0370500E-02  2.5719900E-02 -7.1640900E-03 -1.2754300E-02  1.6934000E-02  1.9994500E-02  0.0000000E+00
 1.880688E+02  2.3018500E-01 -8.7442200E-02  5.5477100E-02 -1.5466500E-02 -2.7361500E-02  2.8573500E-02  2.9691100E-02  0.0000000E+00
 1.022142E+02  3.5557300E-01 -1.3079700E-01  8.3731100E-02 -2.3306000E-02 -4.1751100E-02  6.1071500E-02  7.5458100E-02  0.0000000E+00
 5.686555E+01  3.3965100E-01 -7.8290600E-02  5.1560300E-02 -1.4063000E-02 -2.4524400E-02  7.1266900E-03 -3.9159700E-03  0.0000000E+00
 3.182138E+01  1.4219300E-01  1.6328400E-01 -9.2673600E-02  2.7297400E-02  4.7535100E-02 -1.2819200E-02  7.6893000E-03  0.0000000E+00
 1.761238E+01 -3.7217000E-02  4.2994300E-01 -2.5586600E-01  7.4163800E-02  1.3679400E-01 -2.6164100E-01 -3.6365500E-01  0.0000000E+00
 9.801619E+00 -6.7517000E-02  4.0236300E-01 -2.1027700E-01  5.8977200E-02  1.0518500E-01  2.6825000E-02  1.2392000E-01  0.0000000E+00
 5.385467E+00 -2.5232600E-02  1.4827700E-01  1.8090600E-01 -6.8777000E-02 -1.3095900E-01 -8.1880700E-02 -1.7483500E-01  0.0000000E+00
 2.880254E+00 -2.4777000E-03  1.3969300E-02  5.0617100E-01 -1.8242900E-01 -3.6844400E-01  1.1037200E+00  1.9291200E+00  0.0000000E+00
 1.498533E+00  2.6523800E-04 -1.0287000E-03  3.8813500E-01 -1.2045100E-01 -2.7181400E-01 -7.8659200E-01 -3.2195000E+00  0.0000000E+00
 7.379813E-01  8.5729900E-05 -5.4588900E-04  1.1170900E-01  1.6806900E-01  9.4673700E-01 -1.0020600E+00  2.1925900E+00  0.0000000E+00
 3.198319E-01  9.2736400E-06 -8.9583000E-06  7.5174600E-03  4.5347200E-01  2.5934400E-01  1.5384500E+00 -3.3207800E-01  0.0000000E+00
 1.299186E-01 -8.6924800E-07 -1.4189300E-05  1.7430800E-04  4.4600900E-01 -6.4502600E-01 -4.3848700E-01 -8.8368300E-01  0.0000000E+00
 4.939803E-02  1.9848700E-07  3.2748800E-06 -5.2282100E-05  1.7205400E-01 -2.6123200E-01 -4.3807200E-01  9.2600100E-01  1.0000000E+00
Np f
 1.186980E+03  7.2823600E-04 -2.2566400E-04  2.3074500E-04 -2.4436900E-04  2.1999300E-04  0.0000000E+00
 3.998259E+02  6.4505400E-03 -2.0156500E-03  2.0811300E-03 -2.4767900E-03  2.4827800E-03  0.0000000E+00
 1.694537E+02  3.3517500E-02 -1.0456800E-02  1.0725400E-02 -1.1629200E-02  1.0670900E-02  0.0000000E+00
 7.979756E+01  1.1144100E-01 -3.5056500E-02  3.6238000E-02 -4.2853300E-02  4.2564900E-02  0.0000000E+00
 3.988108E+01  2.5036400E-01 -7.7452400E-02  7.9118700E-02 -8.4401200E-02  7.6488500E-02  0.0000000E+00
 2.039732E+01  3.6407400E-01 -1.0434700E-01  1.0499800E-01 -1.3011600E-01  1.3392400E-01  0.0000000E+00
 1.056721E+01  3.2884400E-01 -6.0391400E-02  4.8537000E-02 -1.6175100E-02 -2.3013000E-02  0.0000000E+00
 5.458833E+00  1.5934300E-01  1.0164800E-01 -1.3135100E-01  1.2202300E-01 -9.8073300E-02  0.0000000E+00
 2.736015E+00  3.0996200E-02  2.9535300E-01 -3.3740400E-01  6.1055700E-01 -8.8040200E-01  0.0000000E+00
 1.329008E+00  1.0580400E-03  3.7991000E-01 -3.0557900E-01 -2.0684600E-01  1.4332700E+00  0.0000000E+00
 6.147065E-01  2.4209600E-04  3.1730800E-01  2.9230300E-01 -8.6340700E-01 -4.8407000E-01  0.0000000E+00
 2.646957E-01 -3.9066000E-05  1.7828200E-01  5.2897700E-01  4.4270900E-01 -7.0231400E-01  0.0000000E+00
 1.002215E-01  2.5176200E-05  5.0040800E-02  2.6977700E-01  4.8609900E-01  8.7424900E-01  1.0000000E+00
Np g
 2.573567E+00  1.0000000E+00  0.0000000E+00  0.0000000E+00
 8.464766E-01  0.0000000E+00  1.0000000E+00  0.0000000E+00
 2.091554E-01  0.0000000E+00  0.0000000E+00  1.0000000E+00
Np h
 1.214800E+00  1.0000000E+00