#  ECP60MWB_GUESS: Startorbitale fuer ECP60MWB mit Basis ECP60MWB_ANO
Np S
  12608.7120000  0.000283 -0.000355  0.000167
   1860.7357000  0.002197 -0.002818  0.001329
    362.9014700  0.007792 -0.009411  0.004419
    109.2067200 -0.006711 -0.001626  0.001160
     63.7434260  0.060657 -0.021615  0.007854
     37.2488640 -0.256338  0.107688 -0.040229
     21.6917530  0.728259 -0.365024  0.141229
     10.5354930 -1.282442  0.753866 -0.298892
      2.9743190  1.069311 -1.026587  0.430223
      1.5975970  0.431019 -0.388399  0.188275
      0.6358520  0.019907  0.903622 -0.543015
      0.2881220 -0.001375  0.491189 -0.399317
      0.0590980  0.000138  0.079647  0.773238
      0.0240410 -0.000254  0.034590  0.431085
Np P
   2910.4057000  0.000074 -0.000050
    702.6976100  0.000571 -0.000357
    225.0786100  0.002833 -0.001962
     81.0763820  0.007889 -0.004826
     25.4817050  0.016924 -0.018503
     14.9892380  0.078423 -0.012976
      8.7634560 -0.379135  0.176745
      3.6275340  0.599316 -0.454712
      1.8062750  0.585818 -0.309977
      0.6853270  0.068463  0.550509
      0.2939420 -0.006641  0.592908
      0.1030860  0.002437  0.089135
      0.0308800 -0.000613 -0.002985
Np  D
    466.3282000  0.000053 -0.000042
    160.0231800  0.000378 -0.000019
     60.9150000  0.001967 -0.001193
     18.4003070  0.026101 -0.005670
     10.8237100 -0.088883  0.024153
      3.7149000  0.450510 -0.174563
      1.8343810  0.514864 -0.212309
      0.8178830  0.165513  0.223143
      0.2716130  0.005948  0.625237
      0.0835950 -0.000023  0.393925
Np  F
    110.5329600  0.000259
     36.9281390  0.002616
     15.1558070  0.011226
      4.9877490  0.135563
      2.4414710  0.343223
      1.1048580  0.409948
      0.4554700  0.302576
      0.1617190  0.126175